6181.000000 0.000100
6182.000000 0.000100
6183.000000 0.000100
6184.000000 0.000100
6185.000000 0.000100
6186.000000 0.000100
6187.000000 0.000100
6188.000000 0.000100
6189.000000 0.000100
6190.000000 0.000100
6191.000000 0.000200
6192.000000 0.000200
6193.000000 0.000200
6194.000000 0.000200
6195.000000 0.000300
6196.000000 0.000300
6197.000000 0.000300
6198.000000 0.000400
6199.000000 0.000400
6200.000000 0.000500
6201.000000 0.000600
6202.000000 0.000600
6203.000000 0.000700
6204.000000 0.000800
6205.000000 0.000900
6206.000000 0.001100
6207.000000 0.001200
6208.000000 0.001400
6209.000000 0.001600
6210.000000 0.001900
6211.000000 0.002200
6212.000000 0.002500
6213.000000 0.002900
6214.000000 0.003400
6215.000000 0.004000
6216.000000 0.004700
6217.000000 0.005500
6218.000000 0.006500
6219.000000 0.007700
6220.000000 0.009200
6221.000000 0.010900
6222.000000 0.013000
6223.000000 0.015800
6224.000000 0.018900
6225.000000 0.023000
6226.000000 0.027400
6227.000000 0.033100
6228.000000 0.040300
6229.000000 0.049500
6230.000000 0.060600
6231.000000 0.073900
6232.000000 0.091200
6233.000000 0.111000
6234.000000 0.135700
6235.000000 0.163900
6236.000000 0.200600
6237.000000 0.237800
6238.000000 0.280300
6239.000000 0.322900
6240.000000 0.371300
6241.000000 0.418900
6242.000000 0.462600
6243.000000 0.503100
6244.000000 0.536300
6245.000000 0.564400
6246.000000 0.583300
6247.000000 0.596800
6248.000000 0.604200
6249.000000 0.609700
6250.000000 0.611900
6251.000000 0.612600
6252.000000 0.611700
6253.000000 0.610700
6254.000000 0.609300
6255.000000 0.608400
6256.000000 0.608000
6257.000000 0.607800
6258.000000 0.607900
6259.000000 0.608300
6260.000000 0.609100
6261.000000 0.610000
6262.000000 0.611400
6263.000000 0.612600
6264.000000 0.613100
6265.000000 0.614500
6266.000000 0.615200
6267.000000 0.615600
6268.000000 0.617300
6269.000000 0.617400
6270.000000 0.618500
6271.000000 0.618500
6272.000000 0.618400
6273.000000 0.618100
6274.000000 0.618500
6275.000000 0.617600
6276.000000 0.617500
6277.000000 0.617100
6278.000000 0.616700
6279.000000 0.616700
6280.000000 0.616400
6281.000000 0.615900
6282.000000 0.615500
6283.000000 0.615200
6284.000000 0.614800
6285.000000 0.614500
6286.000000 0.614000
6287.000000 0.613700
6288.000000 0.613600
6289.000000 0.613800
6290.000000 0.613900
6291.000000 0.614000
6292.000000 0.614400
6293.000000 0.613900
6294.000000 0.613700
6295.000000 0.613800
6296.000000 0.614200
6297.000000 0.614500
6298.000000 0.614500
6299.000000 0.614800
6300.000000 0.615000
6301.000000 0.615200
6302.000000 0.615900
6303.000000 0.615600
6304.000000 0.616100
6305.000000 0.616300
6306.000000 0.616400
6307.000000 0.617300
6308.000000 0.617300
6309.000000 0.617600
6310.000000 0.618300
6311.000000 0.618200
6312.000000 0.618700
6313.000000 0.618400
6314.000000 0.618700
6315.000000 0.619400
6316.000000 0.619500
6317.000000 0.619900
6318.000000 0.620800
6319.000000 0.620300
6320.000000 0.620900
6321.000000 0.620800
6322.000000 0.621300
6323.000000 0.620600
6324.000000 0.620700
6325.000000 0.621400
6326.000000 0.621000
6327.000000 0.620600
6328.000000 0.620500
6329.000000 0.620000
6330.000000 0.620000
6331.000000 0.620200
6332.000000 0.619700
6333.000000 0.619400
6334.000000 0.619400
6335.000000 0.619100
6336.000000 0.618700
6337.000000 0.618800
6338.000000 0.618600
6339.000000 0.618300
6340.000000 0.618500
6341.000000 0.618800
6342.000000 0.618700
6343.000000 0.619100
6344.000000 0.619500
6345.000000 0.619400
6346.000000 0.620100
6347.000000 0.620100
6348.000000 0.620800
6349.000000 0.620800
6350.000000 0.621300
6351.000000 0.622000
6352.000000 0.622200
6353.000000 0.622600
6354.000000 0.622900
6355.000000 0.622400
6356.000000 0.622300
6357.000000 0.622400
6358.000000 0.622300
6359.000000 0.622200
6360.000000 0.621800
6361.000000 0.621000
6362.000000 0.620600
6363.000000 0.620200
6364.000000 0.619800
6365.000000 0.620000
6366.000000 0.619300
6367.000000 0.619700
6368.000000 0.619600
6369.000000 0.620600
6370.000000 0.621100
6371.000000 0.621600
6372.000000 0.622400
6373.000000 0.622300
6374.000000 0.621900
6375.000000 0.620200
6376.000000 0.616700
6377.000000 0.610600
6378.000000 0.601300
6379.000000 0.587000
6380.000000 0.568300
6381.000000 0.544000
6382.000000 0.514400
6383.000000 0.479600
6384.000000 0.437700
6385.000000 0.396000
6386.000000 0.352000
6387.000000 0.308800
6388.000000 0.263800
6389.000000 0.225000
6390.000000 0.188700
6391.000000 0.158700
6392.000000 0.131100
6393.000000 0.109200
6394.000000 0.090100
6395.000000 0.075200
6396.000000 0.062500
6397.000000 0.051600
6398.000000 0.043100
6399.000000 0.035900
6400.000000 0.030200
6401.000000 0.025000
6402.000000 0.021100
6403.000000 0.017600
6404.000000 0.015000
6405.000000 0.012600
6406.000000 0.010800
6407.000000 0.009200
6408.000000 0.007900
6409.000000 0.006800
6410.000000 0.005800
6411.000000 0.005000
6412.000000 0.004300
6413.000000 0.003800
6414.000000 0.003200
6415.000000 0.002800
6416.000000 0.002500
6417.000000 0.002100
6418.000000 0.001900
6419.000000 0.001600
6420.000000 0.001500
6421.000000 0.001300
6422.000000 0.001100
6423.000000 0.001000
6424.000000 0.000900
6425.000000 0.000800
6426.000000 0.000700
6427.000000 0.000600
6428.000000 0.000600
6429.000000 0.000500
6430.000000 0.000400
6431.000000 0.000400
6432.000000 0.000400
6433.000000 0.000300
6434.000000 0.000300
6435.000000 0.000300
6436.000000 0.000200
6437.000000 0.000200
6438.000000 0.000200
6439.000000 0.000200
6440.000000 0.000200
6441.000000 0.000100
6442.000000 0.000100
6443.000000 0.000100
6444.000000 0.000100
6445.000000 0.000100
6446.000000 0.000100
6447.000000 0.000100
6448.000000 0.000100
6449.000000 0.000100
6450.000000 0.000100
6451.000000 0.000100
