8472.000000 0.000100
8473.000000 0.000100
8474.000000 0.000100
8475.000000 0.000100
8476.000000 0.000100
8477.000000 0.000100
8478.000000 0.000100
8479.000000 0.000100
8480.000000 0.000100
8481.000000 0.000100
8482.000000 0.000200
8483.000000 0.000200
8484.000000 0.000200
8485.000000 0.000200
8486.000000 0.000300
8487.000000 0.000300
8488.000000 0.000400
8489.000000 0.000400
8490.000000 0.000400
8491.000000 0.000500
8492.000000 0.000600
8493.000000 0.000700
8494.000000 0.000800
8495.000000 0.000900
8496.000000 0.001100
8497.000000 0.001200
8498.000000 0.001400
8499.000000 0.001700
8500.000000 0.002000
8501.000000 0.002400
8502.000000 0.002800
8503.000000 0.003200
8504.000000 0.003800
8505.000000 0.004600
8506.000000 0.005500
8507.000000 0.006500
8508.000000 0.008000
8509.000000 0.009900
8510.000000 0.012300
8511.000000 0.014500
8512.000000 0.017600
8513.000000 0.021100
8514.000000 0.026500
8515.000000 0.032400
8516.000000 0.039400
8517.000000 0.049400
8518.000000 0.063300
8519.000000 0.077700
8520.000000 0.091100
8521.000000 0.110400
8522.000000 0.134000
8523.000000 0.162300
8524.000000 0.186000
8525.000000 0.221000
8526.000000 0.255600
8527.000000 0.294800
8528.000000 0.321700
8529.000000 0.346500
8530.000000 0.369500
8531.000000 0.391700
8532.000000 0.408000
8533.000000 0.417600
8534.000000 0.425500
8535.000000 0.430300
8536.000000 0.432000
8537.000000 0.431900
8538.000000 0.430100
8539.000000 0.428000
8540.000000 0.427200
8541.000000 0.425200
8542.000000 0.424200
8543.000000 0.424000
8544.000000 0.424400
8545.000000 0.425600
8546.000000 0.426000
8547.000000 0.426900
8548.000000 0.427400
8549.000000 0.429300
8550.000000 0.429600
8551.000000 0.430600
8552.000000 0.431300
8553.000000 0.432700
8554.000000 0.432700
8555.000000 0.433800
8556.000000 0.434200
8557.000000 0.434500
8558.000000 0.435600
8559.000000 0.436600
8560.000000 0.436400
8561.000000 0.436900
8562.000000 0.437200
8563.000000 0.437700
8564.000000 0.438400
8565.000000 0.438100
8566.000000 0.438400
8567.000000 0.438200
8568.000000 0.437700
8569.000000 0.437700
8570.000000 0.437800
8571.000000 0.438000
8572.000000 0.437600
8573.000000 0.437300
8574.000000 0.436900
8575.000000 0.437300
8576.000000 0.436900
8577.000000 0.436700
8578.000000 0.437300
8579.000000 0.436700
8580.000000 0.437300
8581.000000 0.437200
8582.000000 0.437700
8583.000000 0.437200
8584.000000 0.438000
8585.000000 0.438900
8586.000000 0.438800
8587.000000 0.438700
8588.000000 0.438800
8589.000000 0.438700
8590.000000 0.438000
8591.000000 0.438300
8592.000000 0.438300
8593.000000 0.438400
8594.000000 0.438100
8595.000000 0.438000
8596.000000 0.438100
8597.000000 0.437900
8598.000000 0.438100
8599.000000 0.438100
8600.000000 0.438000
8601.000000 0.438300
8602.000000 0.438400
8603.000000 0.439300
8604.000000 0.439300
8605.000000 0.439900
8606.000000 0.439600
8607.000000 0.439800
8608.000000 0.439800
8609.000000 0.439800
8610.000000 0.439800
8611.000000 0.439200
8612.000000 0.438300
8613.000000 0.438700
8614.000000 0.438600
8615.000000 0.438000
8616.000000 0.438700
8617.000000 0.438000
8618.000000 0.438100
8619.000000 0.436900
8620.000000 0.436800
8621.000000 0.436500
8622.000000 0.436100
8623.000000 0.435300
8624.000000 0.434700
8625.000000 0.433800
8626.000000 0.433500
8627.000000 0.432800
8628.000000 0.433100
8629.000000 0.433000
8630.000000 0.432400
8631.000000 0.432000
8632.000000 0.432700
8633.000000 0.433000
8634.000000 0.432200
8635.000000 0.433000
8636.000000 0.432000
8637.000000 0.432200
8638.000000 0.432600
8639.000000 0.431900
8640.000000 0.431300
8641.000000 0.430500
8642.000000 0.431200
8643.000000 0.431000
8644.000000 0.432100
8645.000000 0.431000
8646.000000 0.432100
8647.000000 0.432300
8648.000000 0.432400
8649.000000 0.431400
8650.000000 0.431300
8651.000000 0.431200
8652.000000 0.431100
8653.000000 0.430600
8654.000000 0.430100
8655.000000 0.429300
8656.000000 0.428300
8657.000000 0.426800
8658.000000 0.425400
8659.000000 0.423700
8660.000000 0.420100
8661.000000 0.414900
8662.000000 0.408800
8663.000000 0.400700
8664.000000 0.386800
8665.000000 0.370000
8666.000000 0.353200
8667.000000 0.334900
8668.000000 0.313600
8669.000000 0.288400
8670.000000 0.261100
8671.000000 0.236500
8672.000000 0.205000
8673.000000 0.177500
8674.000000 0.148200
8675.000000 0.131000
8676.000000 0.111200
8677.000000 0.095200
8678.000000 0.079300
8679.000000 0.066900
8680.000000 0.055800
8681.000000 0.045300
8682.000000 0.036500
8683.000000 0.029600
8684.000000 0.025300
8685.000000 0.021000
8686.000000 0.017500
8687.000000 0.014300
8688.000000 0.012300
8689.000000 0.010200
8690.000000 0.008500
8691.000000 0.006900
8692.000000 0.005900
8693.000000 0.005200
8694.000000 0.004500
8695.000000 0.003800
8696.000000 0.003200
8697.000000 0.002900
8698.000000 0.002500
8699.000000 0.002100
8700.000000 0.001800
8701.000000 0.001600
8702.000000 0.001400
8703.000000 0.001200
8704.000000 0.001100
8705.000000 0.000900
8706.000000 0.000800
8707.000000 0.000700
8708.000000 0.000600
8709.000000 0.000500
8710.000000 0.000500
8711.000000 0.000400
8712.000000 0.000400
8713.000000 0.000400
8714.000000 0.000300
8715.000000 0.000300
8716.000000 0.000300
8717.000000 0.000200
8718.000000 0.000200
8719.000000 0.000100
8720.000000 0.000100
8721.000000 0.000200
8722.000000 0.000100
8723.000000 0.000100
8724.000000 0.000200
8725.000000 0.000100
8726.000000 0.000100
8727.000000 0.000100
