8189.000000 0.000100
8190.000000 0.000000
8191.000000 0.000100
8192.000000 0.000100
8193.000000 0.000100
8194.000000 0.000100
8195.000000 0.000100
8196.000000 0.000100
8197.000000 0.000100
8198.000000 0.000100
8199.000000 0.000100
8200.000000 0.000100
8201.000000 0.000200
8202.000000 0.000200
8203.000000 0.000200
8204.000000 0.000300
8205.000000 0.000300
8206.000000 0.000300
8207.000000 0.000400
8208.000000 0.000400
8209.000000 0.000500
8210.000000 0.000600
8211.000000 0.000600
8212.000000 0.000700
8213.000000 0.000800
8214.000000 0.000900
8215.000000 0.001100
8216.000000 0.001300
8217.000000 0.001500
8218.000000 0.001800
8219.000000 0.002100
8220.000000 0.002400
8221.000000 0.002800
8222.000000 0.003400
8223.000000 0.004000
8224.000000 0.004800
8225.000000 0.005600
8226.000000 0.006800
8227.000000 0.008200
8228.000000 0.009900
8229.000000 0.011900
8230.000000 0.014300
8231.000000 0.017400
8232.000000 0.021000
8233.000000 0.026000
8234.000000 0.031500
8235.000000 0.039200
8236.000000 0.047800
8237.000000 0.059500
8238.000000 0.072400
8239.000000 0.089000
8240.000000 0.106800
8241.000000 0.128700
8242.000000 0.155400
8243.000000 0.183800
8244.000000 0.213800
8245.000000 0.245000
8246.000000 0.278900
8247.000000 0.309200
8248.000000 0.337900
8249.000000 0.362200
8250.000000 0.382500
8251.000000 0.395600
8252.000000 0.406000
8253.000000 0.411800
8254.000000 0.417800
8255.000000 0.419600
8256.000000 0.420200
8257.000000 0.421500
8258.000000 0.420300
8259.000000 0.419800
8260.000000 0.419500
8261.000000 0.420600
8262.000000 0.420400
8263.000000 0.419500
8264.000000 0.420700
8265.000000 0.420800
8266.000000 0.423100
8267.000000 0.424900
8268.000000 0.423300
8269.000000 0.424300
8270.000000 0.425600
8271.000000 0.425900
8272.000000 0.425900
8273.000000 0.427700
8274.000000 0.428100
8275.000000 0.428900
8276.000000 0.429700
8277.000000 0.428200
8278.000000 0.430300
8279.000000 0.429700
8280.000000 0.428200
8281.000000 0.429500
8282.000000 0.430500
8283.000000 0.427900
8284.000000 0.429400
8285.000000 0.427500
8286.000000 0.430200
8287.000000 0.429700
8288.000000 0.430200
8289.000000 0.428900
8290.000000 0.431100
8291.000000 0.432700
8292.000000 0.431900
8293.000000 0.432500
8294.000000 0.433300
8295.000000 0.433100
8296.000000 0.433800
8297.000000 0.434400
8298.000000 0.435000
8299.000000 0.435000
8300.000000 0.435800
8301.000000 0.436800
8302.000000 0.436900
8303.000000 0.437000
8304.000000 0.439800
8305.000000 0.438700
8306.000000 0.440200
8307.000000 0.440800
8308.000000 0.442300
8309.000000 0.440900
8310.000000 0.441400
8311.000000 0.442700
8312.000000 0.444800
8313.000000 0.442200
8314.000000 0.445100
8315.000000 0.444600
8316.000000 0.445500
8317.000000 0.444800
8318.000000 0.445600
8319.000000 0.445000
8320.000000 0.442900
8321.000000 0.446300
8322.000000 0.445400
8323.000000 0.447900
8324.000000 0.449700
8325.000000 0.447800
8326.000000 0.446800
8327.000000 0.448300
8328.000000 0.447000
8329.000000 0.447800
8330.000000 0.449300
8331.000000 0.448500
8332.000000 0.448500
8333.000000 0.449200
8334.000000 0.450300
8335.000000 0.448900
8336.000000 0.448700
8337.000000 0.450500
8338.000000 0.449300
8339.000000 0.451000
8340.000000 0.452000
8341.000000 0.448200
8342.000000 0.450400
8343.000000 0.451100
8344.000000 0.451200
8345.000000 0.450100
8346.000000 0.450800
8347.000000 0.450600
8348.000000 0.449900
8349.000000 0.454100
8350.000000 0.450400
8351.000000 0.452000
8352.000000 0.451900
8353.000000 0.450600
8354.000000 0.450800
8355.000000 0.453200
8356.000000 0.451200
8357.000000 0.449500
8358.000000 0.451900
8359.000000 0.452200
8360.000000 0.449900
8361.000000 0.451100
8362.000000 0.451600
8363.000000 0.450500
8364.000000 0.451400
8365.000000 0.448900
8366.000000 0.450800
8367.000000 0.447300
8368.000000 0.447600
8369.000000 0.447100
8370.000000 0.446600
8371.000000 0.446700
8372.000000 0.448000
8373.000000 0.445000
8374.000000 0.448500
8375.000000 0.448900
8376.000000 0.449900
8377.000000 0.450200
8378.000000 0.451000
8379.000000 0.449200
8380.000000 0.448600
8381.000000 0.446100
8382.000000 0.442300
8383.000000 0.434400
8384.000000 0.424100
8385.000000 0.409100
8386.000000 0.392400
8387.000000 0.370600
8388.000000 0.345500
8389.000000 0.312300
8390.000000 0.282800
8391.000000 0.249600
8392.000000 0.220000
8393.000000 0.188500
8394.000000 0.160000
8395.000000 0.134500
8396.000000 0.113800
8397.000000 0.093300
8398.000000 0.077200
8399.000000 0.064200
8400.000000 0.052900
8401.000000 0.043800
8402.000000 0.035600
8403.000000 0.029500
8404.000000 0.024400
8405.000000 0.020400
8406.000000 0.016900
8407.000000 0.014400
8408.000000 0.012200
8409.000000 0.010000
8410.000000 0.008500
8411.000000 0.007000
8412.000000 0.005900
8413.000000 0.005100
8414.000000 0.004400
8415.000000 0.003800
8416.000000 0.003300
8417.000000 0.002800
8418.000000 0.002500
8419.000000 0.002100
8420.000000 0.001800
8421.000000 0.001500
8422.000000 0.001400
8423.000000 0.001200
8424.000000 0.001000
8425.000000 0.000900
8426.000000 0.000800
8427.000000 0.000700
8428.000000 0.000600
8429.000000 0.000600
8430.000000 0.000500
8431.000000 0.000400
8432.000000 0.000300
8433.000000 0.000300
8434.000000 0.000300
8435.000000 0.000300
8436.000000 0.000200
8437.000000 0.000200
8438.000000 0.000200
8439.000000 0.000200
8440.000000 0.000200
8441.000000 0.000100
8442.000000 0.000100
8443.000000 0.000200
8444.000000 0.000100
8445.000000 0.000100
8446.000000 0.000100
