5170.000000 0.000100
5171.000000 0.000100
5172.000000 0.000100
5173.000000 0.000100
5174.000000 0.000100
5175.000000 0.000100
5176.000000 0.000100
5177.000000 0.000100
5178.000000 0.000100
5179.000000 0.000100
5180.000000 0.000200
5181.000000 0.000200
5182.000000 0.000200
5183.000000 0.000200
5184.000000 0.000300
5185.000000 0.000300
5186.000000 0.000300
5187.000000 0.000400
5188.000000 0.000400
5189.000000 0.000500
5190.000000 0.000500
5191.000000 0.000600
5192.000000 0.000700
5193.000000 0.000800
5194.000000 0.000900
5195.000000 0.001000
5196.000000 0.001100
5197.000000 0.001300
5198.000000 0.001500
5199.000000 0.001700
5200.000000 0.002000
5201.000000 0.002300
5202.000000 0.002600
5203.000000 0.003000
5204.000000 0.003500
5205.000000 0.004100
5206.000000 0.004800
5207.000000 0.005600
5208.000000 0.006500
5209.000000 0.007700
5210.000000 0.009000
5211.000000 0.010700
5212.000000 0.012600
5213.000000 0.015300
5214.000000 0.018100
5215.000000 0.021600
5216.000000 0.025600
5217.000000 0.030900
5218.000000 0.037200
5219.000000 0.044800
5220.000000 0.053700
5221.000000 0.064200
5222.000000 0.078300
5223.000000 0.093800
5224.000000 0.114100
5225.000000 0.136500
5226.000000 0.164000
5227.000000 0.192100
5228.000000 0.225300
5229.000000 0.258600
5230.000000 0.296300
5231.000000 0.334700
5232.000000 0.372000
5233.000000 0.405100
5234.000000 0.435700
5235.000000 0.464700
5236.000000 0.486800
5237.000000 0.506300
5238.000000 0.519600
5239.000000 0.530500
5240.000000 0.536200
5241.000000 0.541400
5242.000000 0.544000
5243.000000 0.546300
5244.000000 0.547100
5245.000000 0.547300
5246.000000 0.547300
5247.000000 0.547000
5248.000000 0.547200
5249.000000 0.547100
5250.000000 0.546400
5251.000000 0.546200
5252.000000 0.546800
5253.000000 0.546400
5254.000000 0.546600
5255.000000 0.546600
5256.000000 0.546000
5257.000000 0.545900
5258.000000 0.546100
5259.000000 0.546400
5260.000000 0.546200
5261.000000 0.546200
5262.000000 0.546000
5263.000000 0.545500
5264.000000 0.545200
5265.000000 0.544600
5266.000000 0.544900
5267.000000 0.544400
5268.000000 0.543500
5269.000000 0.543500
5270.000000 0.543100
5271.000000 0.542500
5272.000000 0.542000
5273.000000 0.542500
5274.000000 0.542000
5275.000000 0.541500
5276.000000 0.541400
5277.000000 0.541600
5278.000000 0.540900
5279.000000 0.540600
5280.000000 0.541500
5281.000000 0.540700
5282.000000 0.540500
5283.000000 0.540700
5284.000000 0.540700
5285.000000 0.540200
5286.000000 0.540400
5287.000000 0.540700
5288.000000 0.540500
5289.000000 0.540100
5290.000000 0.540200
5291.000000 0.540400
5292.000000 0.540500
5293.000000 0.540200
5294.000000 0.540300
5295.000000 0.540400
5296.000000 0.540200
5297.000000 0.540400
5298.000000 0.540400
5299.000000 0.540200
5300.000000 0.540700
5301.000000 0.540500
5302.000000 0.540100
5303.000000 0.541000
5304.000000 0.541100
5305.000000 0.540600
5306.000000 0.540900
5307.000000 0.541000
5308.000000 0.540900
5309.000000 0.541000
5310.000000 0.541000
5311.000000 0.541100
5312.000000 0.540700
5313.000000 0.541000
5314.000000 0.540900
5315.000000 0.540400
5316.000000 0.540700
5317.000000 0.540700
5318.000000 0.540200
5319.000000 0.540700
5320.000000 0.540400
5321.000000 0.539900
5322.000000 0.539600
5323.000000 0.539400
5324.000000 0.539800
5325.000000 0.539900
5326.000000 0.539300
5327.000000 0.538900
5328.000000 0.539400
5329.000000 0.538900
5330.000000 0.539100
5331.000000 0.539700
5332.000000 0.539400
5333.000000 0.539800
5334.000000 0.539700
5335.000000 0.540500
5336.000000 0.540500
5337.000000 0.540700
5338.000000 0.540600
5339.000000 0.541200
5340.000000 0.541300
5341.000000 0.540900
5342.000000 0.540700
5343.000000 0.541400
5344.000000 0.541800
5345.000000 0.541900
5346.000000 0.541300
5347.000000 0.540700
5348.000000 0.540900
5349.000000 0.540500
5350.000000 0.540100
5351.000000 0.539700
5352.000000 0.539500
5353.000000 0.538400
5354.000000 0.537800
5355.000000 0.537100
5356.000000 0.537200
5357.000000 0.536700
5358.000000 0.536800
5359.000000 0.536400
5360.000000 0.536500
5361.000000 0.537200
5362.000000 0.537500
5363.000000 0.537700
5364.000000 0.538000
5365.000000 0.537800
5366.000000 0.536800
5367.000000 0.534800
5368.000000 0.532000
5369.000000 0.526400
5370.000000 0.518600
5371.000000 0.507100
5372.000000 0.493800
5373.000000 0.474600
5374.000000 0.449300
5375.000000 0.421300
5376.000000 0.389800
5377.000000 0.356100
5378.000000 0.318000
5379.000000 0.282700
5380.000000 0.246700
5381.000000 0.214600
5382.000000 0.183000
5383.000000 0.156900
5384.000000 0.132700
5385.000000 0.112200
5386.000000 0.094300
5387.000000 0.079000
5388.000000 0.066200
5389.000000 0.055200
5390.000000 0.046800
5391.000000 0.038800
5392.000000 0.033000
5393.000000 0.027600
5394.000000 0.023500
5395.000000 0.019800
5396.000000 0.016900
5397.000000 0.014400
5398.000000 0.012600
5399.000000 0.010700
5400.000000 0.009200
5401.000000 0.007900
5402.000000 0.006800
5403.000000 0.005900
5404.000000 0.005100
5405.000000 0.004500
5406.000000 0.003900
5407.000000 0.003400
5408.000000 0.003000
5409.000000 0.002600
5410.000000 0.002300
5411.000000 0.002000
5412.000000 0.001800
5413.000000 0.001600
5414.000000 0.001400
5415.000000 0.001200
5416.000000 0.001100
5417.000000 0.001000
5418.000000 0.000900
5419.000000 0.000800
5420.000000 0.000700
5421.000000 0.000600
5422.000000 0.000600
5423.000000 0.000500
5424.000000 0.000500
5425.000000 0.000400
5426.000000 0.000400
5427.000000 0.000300
5428.000000 0.000300
5429.000000 0.000300
5430.000000 0.000200
5431.000000 0.000200
5432.000000 0.000200
5433.000000 0.000200
5434.000000 0.000200
5435.000000 0.000100
5436.000000 0.000100
5437.000000 0.000100
5438.000000 0.000100
5439.000000 0.000100
5440.000000 0.000100
5441.000000 0.000100
5442.000000 0.000100
5443.000000 0.000100
5444.000000 0.000100
5445.000000 0.000100
5446.000000 0.000100
