8901.000000 0.000500
8902.000000 0.001600
8903.000000 0.000300
8904.000000 0.000000
8905.000000 0.000000
8906.000000 0.000000
8907.000000 0.000700
8908.000000 0.000000
8909.000000 0.000000
8910.000000 0.000300
8911.000000 0.000300
8912.000000 0.000000
8913.000000 0.000900
8914.000000 0.000000
8915.000000 0.000700
8916.000000 0.000000
8917.000000 0.000000
8918.000000 0.000000
8919.000000 0.000000
8920.000000 0.000300
8921.000000 0.000000
8922.000000 0.000000
8923.000000 0.000500
8924.000000 0.000000
8925.000000 0.000000
8926.000000 0.000000
8927.000000 0.000300
8928.000000 0.000000
8929.000000 0.000700
8930.000000 0.001100
8931.000000 0.000000
8932.000000 0.000000
8933.000000 0.000600
8934.000000 0.000000
8935.000000 0.000400
8936.000000 0.000200
8937.000000 0.000000
8938.000000 0.000700
8939.000000 0.000000
8940.000000 0.001400
8941.000000 0.000500
8942.000000 0.000100
8943.000000 0.000000
8944.000000 0.000000
8945.000000 0.000000
8946.000000 0.000500
8947.000000 0.000000
8948.000000 0.000300
8949.000000 0.001200
8950.000000 0.000800
8951.000000 0.000700
8952.000000 0.000000
8953.000000 0.001900
8954.000000 0.000500
8955.000000 0.000000
8956.000000 0.000000
8957.000000 0.000900
8958.000000 0.000100
8959.000000 0.000000
8960.000000 0.000000
8961.000000 0.000300
8962.000000 0.000000
8963.000000 0.000000
8964.000000 0.000900
8965.000000 0.000300
8966.000000 0.000000
8967.000000 0.000800
8968.000000 0.000000
8969.000000 0.000000
8970.000000 0.000000
8971.000000 0.000000
8972.000000 0.000000
8973.000000 0.000000
8974.000000 0.000000
8975.000000 0.002100
8976.000000 0.000000
8977.000000 0.000400
8978.000000 0.000000
8979.000000 0.000000
8980.000000 0.001800
8981.000000 0.000900
8982.000000 0.000000
8983.000000 0.000000
8984.000000 0.001400
8985.000000 0.000000
8986.000000 0.000000
8987.000000 0.002100
8988.000000 0.000600
8989.000000 0.000000
8990.000000 0.001600
8991.000000 0.002000
8992.000000 0.001900
8993.000000 0.001100
8994.000000 0.001600
8995.000000 0.000800
8996.000000 0.001400
8997.000000 0.001700
8998.000000 0.003900
8999.000000 0.001900
9000.000000 0.000100
9001.000000 0.000000
9002.000000 0.000000
9003.000000 0.000000
9004.000000 0.000000
9005.000000 0.000000
9006.000000 0.000000
9007.000000 0.000100
9008.000000 0.000000
9009.000000 0.000100
9010.000000 0.000100
9011.000000 0.000000
9012.000000 0.000000
9013.000000 0.000000
9014.000000 0.000100
9015.000000 0.000100
9016.000000 0.000100
9017.000000 0.000100
9018.000000 0.000100
9019.000000 0.000100
9020.000000 0.000100
9021.000000 0.000100
9022.000000 0.000100
9023.000000 0.000100
9024.000000 0.000100
9025.000000 0.000100
9026.000000 0.000100
9027.000000 0.000100
9028.000000 0.000100
9029.000000 0.000100
9030.000000 0.000100
9031.000000 0.000100
9032.000000 0.000100
9033.000000 0.000100
9034.000000 0.000100
9035.000000 0.000200
9036.000000 0.000200
9037.000000 0.000200
9038.000000 0.000100
9039.000000 0.000200
9040.000000 0.000200
9041.000000 0.000200
9042.000000 0.000200
9043.000000 0.000200
9044.000000 0.000200
9045.000000 0.000300
9046.000000 0.000300
9047.000000 0.000300
9048.000000 0.000300
9049.000000 0.000300
9050.000000 0.000400
9051.000000 0.000400
9052.000000 0.000400
9053.000000 0.000500
9054.000000 0.000500
9055.000000 0.000500
9056.000000 0.000500
9057.000000 0.000500
9058.000000 0.000600
9059.000000 0.000600
9060.000000 0.000600
9061.000000 0.000600
9062.000000 0.000800
9063.000000 0.000800
9064.000000 0.000900
9065.000000 0.000900
9066.000000 0.000900
9067.000000 0.001000
9068.000000 0.001000
9069.000000 0.001100
9070.000000 0.001200
9071.000000 0.001300
9072.000000 0.001600
9073.000000 0.001600
9074.000000 0.001700
9075.000000 0.001700
9076.000000 0.001900
9077.000000 0.001900
9078.000000 0.002100
9079.000000 0.002300
9080.000000 0.002400
9081.000000 0.002500
9082.000000 0.002600
9083.000000 0.002800
9084.000000 0.003000
9085.000000 0.003200
9086.000000 0.003400
9087.000000 0.003800
9088.000000 0.004100
9089.000000 0.004500
9090.000000 0.004800
9091.000000 0.005000
9092.000000 0.005700
9093.000000 0.006000
9094.000000 0.006700
9095.000000 0.007000
9096.000000 0.008100
9097.000000 0.008800
9098.000000 0.009500
9099.000000 0.010200
9100.000000 0.010900
9101.000000 0.012100
9102.000000 0.012700
9103.000000 0.014000
9104.000000 0.014600
9105.000000 0.016200
9106.000000 0.018100
9107.000000 0.019100
9108.000000 0.020500
9109.000000 0.022300
9110.000000 0.025000
9111.000000 0.027900
9112.000000 0.029700
9113.000000 0.032800
9114.000000 0.037100
9115.000000 0.041700
9116.000000 0.044500
9117.000000 0.047500
9118.000000 0.051600
9119.000000 0.056900
9120.000000 0.061100
9121.000000 0.065300
9122.000000 0.071200
9123.000000 0.077700
9124.000000 0.084200
9125.000000 0.089400
9126.000000 0.095100
9127.000000 0.103500
9128.000000 0.111000
9129.000000 0.117400
9130.000000 0.128700
9131.000000 0.140100
9132.000000 0.154500
9133.000000 0.161900
9134.000000 0.173400
9135.000000 0.182800
9136.000000 0.195300
9137.000000 0.206200
9138.000000 0.215400
9139.000000 0.222900
9140.000000 0.231500
9141.000000 0.243200
9142.000000 0.248500
9143.000000 0.253100
9144.000000 0.258900
9145.000000 0.265400
9146.000000 0.271200
9147.000000 0.276700
9148.000000 0.281700
9149.000000 0.289000
9150.000000 0.293400
9151.000000 0.293900
9152.000000 0.299900
9153.000000 0.302300
9154.000000 0.301600
9155.000000 0.305000
9156.000000 0.306500
9157.000000 0.302500
9158.000000 0.309100
9159.000000 0.307300
9160.000000 0.303900
9161.000000 0.303500
9162.000000 0.305600
9163.000000 0.307200
9164.000000 0.304600
9165.000000 0.306200
9166.000000 0.308600
9167.000000 0.305500
9168.000000 0.307200
9169.000000 0.304200
9170.000000 0.304400
9171.000000 0.308500
9172.000000 0.307700
9173.000000 0.306200
9174.000000 0.305900
9175.000000 0.305000
9176.000000 0.304800
9177.000000 0.302600
9178.000000 0.303200
9179.000000 0.302400
9180.000000 0.303500
9181.000000 0.304800
9182.000000 0.306900
9183.000000 0.303600
9184.000000 0.305900
9185.000000 0.305900
9186.000000 0.307900
9187.000000 0.307700
9188.000000 0.305300
9189.000000 0.307700
9190.000000 0.310100
9191.000000 0.308900
9192.000000 0.307100
9193.000000 0.310000
9194.000000 0.308100
9195.000000 0.308500
9196.000000 0.309500
9197.000000 0.309000
9198.000000 0.308500
9199.000000 0.310100
9200.000000 0.308600
9201.000000 0.303100
9202.000000 0.310500
9203.000000 0.309300
9204.000000 0.308500
9205.000000 0.310100
9206.000000 0.309200
9207.000000 0.309100
9208.000000 0.311400
9209.000000 0.308500
9210.000000 0.306800
9211.000000 0.307800
9212.000000 0.312000
9213.000000 0.309200
9214.000000 0.310300
9215.000000 0.307900
9216.000000 0.306500
9217.000000 0.309700
9218.000000 0.308400
9219.000000 0.307500
9220.000000 0.304600
9221.000000 0.308100
9222.000000 0.309200
9223.000000 0.305300
9224.000000 0.305900
9225.000000 0.305800
9226.000000 0.304600
9227.000000 0.301300
9228.000000 0.304000
9229.000000 0.304200
9230.000000 0.300600
9231.000000 0.301700
9232.000000 0.300700
9233.000000 0.300700
9234.000000 0.296700
9235.000000 0.299700
9236.000000 0.297200
9237.000000 0.295800
9238.000000 0.294900
9239.000000 0.296500
9240.000000 0.299400
9241.000000 0.295500
9242.000000 0.290600
9243.000000 0.293200
9244.000000 0.294200
9245.000000 0.286100
9246.000000 0.290400
9247.000000 0.287700
9248.000000 0.288100
9249.000000 0.284100
9250.000000 0.286200
9251.000000 0.283200
9252.000000 0.281100
9253.000000 0.281000
9254.000000 0.283200
9255.000000 0.280300
9256.000000 0.279500
9257.000000 0.275900
9258.000000 0.278700
9259.000000 0.277100
9260.000000 0.278100
9261.000000 0.273800
9262.000000 0.274800
9263.000000 0.271400
9264.000000 0.273000
9265.000000 0.268400
9266.000000 0.268700
9267.000000 0.265600
9268.000000 0.267300
9269.000000 0.263400
9270.000000 0.263700
9271.000000 0.262900
9272.000000 0.261300
9273.000000 0.260700
9274.000000 0.259000
9275.000000 0.254900
9276.000000 0.257100
9277.000000 0.253700
9278.000000 0.254500
9279.000000 0.255000
9280.000000 0.252400
9281.000000 0.249300
9282.000000 0.253600
9283.000000 0.251800
9284.000000 0.249700
9285.000000 0.246900
9286.000000 0.245500
9287.000000 0.244400
9288.000000 0.242900
9289.000000 0.240500
9290.000000 0.240800
9291.000000 0.239400
9292.000000 0.240100
9293.000000 0.234800
9294.000000 0.234700
9295.000000 0.234800
9296.000000 0.233700
9297.000000 0.233800
9298.000000 0.228200
9299.000000 0.228600
9300.000000 0.228100
9301.000000 0.226800
9302.000000 0.225500
9303.000000 0.224100
9304.000000 0.222800
9305.000000 0.221400
9306.000000 0.220300
9307.000000 0.219300
9308.000000 0.218200
9309.000000 0.217100
9310.000000 0.216100
9311.000000 0.215000
9312.000000 0.213900
9313.000000 0.212900
9314.000000 0.211800
9315.000000 0.210800
9316.000000 0.209700
9317.000000 0.208700
9318.000000 0.207600
9319.000000 0.206600
9320.000000 0.205500
9321.000000 0.204500
9322.000000 0.203400
9323.000000 0.202400
9324.000000 0.201300
9325.000000 0.200200
9326.000000 0.199200
9327.000000 0.198100
9328.000000 0.197100
9329.000000 0.196000
9330.000000 0.195000
9331.000000 0.194500
9332.000000 0.194000
9333.000000 0.193500
9334.000000 0.193000
9335.000000 0.192500
9336.000000 0.192000
9337.000000 0.191500
9338.000000 0.191000
9339.000000 0.190500
9340.000000 0.190000
9341.000000 0.189500
9342.000000 0.189000
9343.000000 0.188600
9344.000000 0.188100
9345.000000 0.187600
9346.000000 0.187100
9347.000000 0.186600
9348.000000 0.186100
9349.000000 0.185600
9350.000000 0.185100
9351.000000 0.184600
9352.000000 0.184100
9353.000000 0.183600
9354.000000 0.183200
9355.000000 0.182700
9356.000000 0.182700
9357.000000 0.182800
9358.000000 0.182900
9359.000000 0.182900
9360.000000 0.183000
9361.000000 0.183100
9362.000000 0.183100
9363.000000 0.183200
9364.000000 0.183300
9365.000000 0.183300
9366.000000 0.183400
9367.000000 0.183500
9368.000000 0.183500
9369.000000 0.183600
9370.000000 0.183600
9371.000000 0.183700
9372.000000 0.183800
9373.000000 0.183800
9374.000000 0.183900
9375.000000 0.184000
9376.000000 0.184000
9377.000000 0.184100
9378.000000 0.184200
9379.000000 0.184200
9380.000000 0.184300
9381.000000 0.184500
9382.000000 0.184600
9383.000000 0.184800
9384.000000 0.185000
9385.000000 0.185200
9386.000000 0.185300
9387.000000 0.185500
9388.000000 0.185700
9389.000000 0.185900
9390.000000 0.186000
9391.000000 0.186200
9392.000000 0.186300
9393.000000 0.186500
9394.000000 0.186700
9395.000000 0.186800
9396.000000 0.187000
9397.000000 0.187100
9398.000000 0.187300
9399.000000 0.187500
9400.000000 0.187600
9401.000000 0.187900
9402.000000 0.188100
9403.000000 0.188300
9404.000000 0.188500
9405.000000 0.188800
9406.000000 0.188600
9407.000000 0.188400
9408.000000 0.188300
9409.000000 0.188100
9410.000000 0.187900
9411.000000 0.187700
9412.000000 0.187600
9413.000000 0.187400
9414.000000 0.187200
9415.000000 0.187100
9416.000000 0.186900
9417.000000 0.186700
9418.000000 0.186500
9419.000000 0.186400
9420.000000 0.186200
9421.000000 0.186000
9422.000000 0.185900
9423.000000 0.185700
9424.000000 0.185500
9425.000000 0.185300
9426.000000 0.185200
9427.000000 0.185000
9428.000000 0.184800
9429.000000 0.184700
9430.000000 0.184500
9431.000000 0.184000
9432.000000 0.183600
9433.000000 0.183100
9434.000000 0.182600
9435.000000 0.182100
9436.000000 0.181700
9437.000000 0.181200
9438.000000 0.180700
9439.000000 0.180300
9440.000000 0.179800
9441.000000 0.179300
9442.000000 0.178900
9443.000000 0.178400
9444.000000 0.177900
9445.000000 0.177500
9446.000000 0.177000
9447.000000 0.176500
9448.000000 0.176100
9449.000000 0.175600
9450.000000 0.175100
9451.000000 0.174700
9452.000000 0.174200
9453.000000 0.173700
9454.000000 0.173300
9455.000000 0.172800
9456.000000 0.172700
9457.000000 0.172700
9458.000000 0.172600
9459.000000 0.172500
9460.000000 0.172500
9461.000000 0.172400
9462.000000 0.172300
9463.000000 0.172200
9464.000000 0.172200
9465.000000 0.172100
9466.000000 0.172000
9467.000000 0.172000
9468.000000 0.171900
9469.000000 0.171800
9470.000000 0.171700
9471.000000 0.171700
9472.000000 0.171600
9473.000000 0.171500
9474.000000 0.171500
9475.000000 0.171400
9476.000000 0.171300
9477.000000 0.171200
9478.000000 0.171200
9479.000000 0.171100
9480.000000 0.171000
9481.000000 0.171000
9482.000000 0.171100
9483.000000 0.171100
9484.000000 0.171100
9485.000000 0.171100
9486.000000 0.171200
9487.000000 0.171200
9488.000000 0.171200
9489.000000 0.171200
9490.000000 0.171300
9491.000000 0.171300
9492.000000 0.171300
9493.000000 0.171300
9494.000000 0.171300
9495.000000 0.171300
9496.000000 0.171400
9497.000000 0.171400
9498.000000 0.171400
9499.000000 0.171400
9500.000000 0.171400
9501.000000 0.171400
9502.000000 0.171400
9503.000000 0.171400
9504.000000 0.171400
9505.000000 0.171400
9506.000000 0.171200
9507.000000 0.170900
9508.000000 0.170600
9509.000000 0.170400
9510.000000 0.170100
9511.000000 0.169800
9512.000000 0.169600
9513.000000 0.169300
9514.000000 0.169000
9515.000000 0.168800
9516.000000 0.168500
9517.000000 0.168200
9518.000000 0.168000
9519.000000 0.167700
9520.000000 0.167400
9521.000000 0.167200
9522.000000 0.166900
9523.000000 0.166600
9524.000000 0.166400
9525.000000 0.166100
9526.000000 0.165800
9527.000000 0.165600
9528.000000 0.165300
9529.000000 0.165000
9530.000000 0.164800
9531.000000 0.164700
9532.000000 0.164600
9533.000000 0.164400
9534.000000 0.164300
9535.000000 0.164200
9536.000000 0.164100
9537.000000 0.164000
9538.000000 0.163900
9539.000000 0.163800
9540.000000 0.163700
9541.000000 0.163600
9542.000000 0.163500
9543.000000 0.163300
9544.000000 0.163200
9545.000000 0.163100
9546.000000 0.163000
9547.000000 0.162900
9548.000000 0.162800
9549.000000 0.162700
9550.000000 0.162600
9551.000000 0.162400
9552.000000 0.162300
9553.000000 0.162200
9554.000000 0.162100
9555.000000 0.162000
9556.000000 0.162100
9557.000000 0.162200
9558.000000 0.162200
9559.000000 0.162300
9560.000000 0.162400
9561.000000 0.162500
9562.000000 0.162600
9563.000000 0.162700
9564.000000 0.162800
9565.000000 0.162800
9566.000000 0.162900
9567.000000 0.163000
9568.000000 0.163100
9569.000000 0.163200
9570.000000 0.163300
9571.000000 0.163400
9572.000000 0.163400
9573.000000 0.163500
9574.000000 0.163600
9575.000000 0.163700
9576.000000 0.163800
9577.000000 0.163900
9578.000000 0.164000
9579.000000 0.164000
9580.000000 0.164100
9581.000000 0.164200
9582.000000 0.164200
9583.000000 0.164300
9584.000000 0.164300
9585.000000 0.164400
9586.000000 0.164400
9587.000000 0.164500
9588.000000 0.164500
9589.000000 0.164600
9590.000000 0.164600
9591.000000 0.164700
9592.000000 0.164800
9593.000000 0.164800
9594.000000 0.164900
9595.000000 0.164900
9596.000000 0.165000
9597.000000 0.165000
9598.000000 0.165100
9599.000000 0.165100
9600.000000 0.165200
9601.000000 0.165200
9602.000000 0.165300
9603.000000 0.165300
9604.000000 0.165300
9605.000000 0.165400
9606.000000 0.165500
9607.000000 0.165500
9608.000000 0.165600
9609.000000 0.165700
9610.000000 0.165700
9611.000000 0.165800
9612.000000 0.165900
9613.000000 0.166000
9614.000000 0.166000
9615.000000 0.166100
9616.000000 0.166200
9617.000000 0.166200
9618.000000 0.166300
9619.000000 0.166400
9620.000000 0.166500
9621.000000 0.166500
9622.000000 0.166600
9623.000000 0.166700
9624.000000 0.166800
9625.000000 0.166800
9626.000000 0.166900
9627.000000 0.166900
9628.000000 0.167000
9629.000000 0.167000
9630.000000 0.167100
9631.000000 0.167200
9632.000000 0.167300
9633.000000 0.167400
9634.000000 0.167500
9635.000000 0.167700
9636.000000 0.167800
9637.000000 0.167900
9638.000000 0.168000
9639.000000 0.168100
9640.000000 0.168200
9641.000000 0.168300
9642.000000 0.168400
9643.000000 0.168500
9644.000000 0.168700
9645.000000 0.168800
9646.000000 0.168900
9647.000000 0.169000
9648.000000 0.169100
9649.000000 0.169200
9650.000000 0.169300
9651.000000 0.169400
9652.000000 0.169500
9653.000000 0.169600
9654.000000 0.169700
9655.000000 0.169800
9656.000000 0.169800
9657.000000 0.169900
9658.000000 0.169900
9659.000000 0.169900
9660.000000 0.169900
9661.000000 0.170000
9662.000000 0.170000
9663.000000 0.170000
9664.000000 0.170000
9665.000000 0.170100
9666.000000 0.170100
9667.000000 0.170100
9668.000000 0.170100
9669.000000 0.170100
9670.000000 0.170100
9671.000000 0.170100
9672.000000 0.170100
9673.000000 0.170100
9674.000000 0.170200
9675.000000 0.170200
9676.000000 0.170200
9677.000000 0.170200
9678.000000 0.170200
9679.000000 0.170200
9680.000000 0.170200
9681.000000 0.170000
9682.000000 0.169800
9683.000000 0.169600
9684.000000 0.169400
9685.000000 0.169200
9686.000000 0.169000
9687.000000 0.168800
9688.000000 0.168500
9689.000000 0.168300
9690.000000 0.168100
9691.000000 0.167900
9692.000000 0.167700
9693.000000 0.167500
9694.000000 0.167300
9695.000000 0.167100
9696.000000 0.166900
9697.000000 0.166700
9698.000000 0.166400
9699.000000 0.166200
9700.000000 0.166000
9701.000000 0.165800
9702.000000 0.165700
9703.000000 0.165500
9704.000000 0.165300
9705.000000 0.165100
9706.000000 0.164700
9707.000000 0.164300
9708.000000 0.163900
9709.000000 0.163500
9710.000000 0.163100
9711.000000 0.162800
9712.000000 0.162400
9713.000000 0.162000
9714.000000 0.161600
9715.000000 0.161200
9716.000000 0.160800
9717.000000 0.160400
9718.000000 0.160000
9719.000000 0.159600
9720.000000 0.159200
9721.000000 0.158800
9722.000000 0.158500
9723.000000 0.158100
9724.000000 0.157700
9725.000000 0.157300
9726.000000 0.156900
9727.000000 0.156500
9728.000000 0.156100
9729.000000 0.155700
9730.000000 0.155300
9731.000000 0.155000
9732.000000 0.154700
9733.000000 0.154300
9734.000000 0.154000
9735.000000 0.153700
9736.000000 0.153300
9737.000000 0.153000
9738.000000 0.152700
9739.000000 0.152400
9740.000000 0.152000
9741.000000 0.151700
9742.000000 0.151400
9743.000000 0.151000
9744.000000 0.150700
9745.000000 0.150400
9746.000000 0.150000
9747.000000 0.149700
9748.000000 0.149400
9749.000000 0.149100
9750.000000 0.148700
9751.000000 0.148400
9752.000000 0.148000
9753.000000 0.147700
9754.000000 0.147300
9755.000000 0.147000
9756.000000 0.146800
9757.000000 0.146600
9758.000000 0.146400
9759.000000 0.146200
9760.000000 0.146000
9761.000000 0.145800
9762.000000 0.145500
9763.000000 0.145300
9764.000000 0.145100
9765.000000 0.144900
9766.000000 0.144700
9767.000000 0.144500
9768.000000 0.144300
9769.000000 0.144100
9770.000000 0.143900
9771.000000 0.143700
9772.000000 0.143500
9773.000000 0.143200
9774.000000 0.143000
9775.000000 0.142800
9776.000000 0.142600
9777.000000 0.142400
9778.000000 0.142200
9779.000000 0.142000
9780.000000 0.141800
9781.000000 0.141600
9782.000000 0.141500
9783.000000 0.141300
9784.000000 0.141200
9785.000000 0.141000
9786.000000 0.140900
9787.000000 0.140700
9788.000000 0.140600
9789.000000 0.140400
9790.000000 0.140300
9791.000000 0.140200
9792.000000 0.140000
9793.000000 0.139900
9794.000000 0.139700
9795.000000 0.139600
9796.000000 0.139400
9797.000000 0.139300
9798.000000 0.139100
9799.000000 0.139000
9800.000000 0.138900
9801.000000 0.138700
9802.000000 0.138600
9803.000000 0.138500
9804.000000 0.138400
9805.000000 0.138300
9806.000000 0.138100
9807.000000 0.138000
9808.000000 0.137900
9809.000000 0.137800
9810.000000 0.137700
9811.000000 0.137600
9812.000000 0.137400
9813.000000 0.137300
9814.000000 0.137200
9815.000000 0.137100
9816.000000 0.137000
9817.000000 0.136900
9818.000000 0.136700
9819.000000 0.136600
9820.000000 0.136500
9821.000000 0.136400
9822.000000 0.136300
9823.000000 0.136200
9824.000000 0.136100
9825.000000 0.135900
9826.000000 0.135800
9827.000000 0.135700
9828.000000 0.135600
9829.000000 0.135500
9830.000000 0.135400
9831.000000 0.135200
9832.000000 0.135000
9833.000000 0.134800
9834.000000 0.134700
9835.000000 0.134500
9836.000000 0.134300
9837.000000 0.134100
9838.000000 0.134000
9839.000000 0.133800
9840.000000 0.133600
9841.000000 0.133400
9842.000000 0.133300
9843.000000 0.133100
9844.000000 0.132900
9845.000000 0.132700
9846.000000 0.132600
9847.000000 0.132400
9848.000000 0.132200
9849.000000 0.132000
9850.000000 0.131900
9851.000000 0.131700
9852.000000 0.131500
9853.000000 0.131300
9854.000000 0.131100
9855.000000 0.131000
9856.000000 0.130700
9857.000000 0.130400
9858.000000 0.130200
9859.000000 0.129900
9860.000000 0.129600
9861.000000 0.129400
9862.000000 0.129100
9863.000000 0.128900
9864.000000 0.128600
9865.000000 0.128300
9866.000000 0.128100
9867.000000 0.127800
9868.000000 0.127500
9869.000000 0.127300
9870.000000 0.127000
9871.000000 0.126800
9872.000000 0.126500
9873.000000 0.126200
9874.000000 0.126000
9875.000000 0.125700
9876.000000 0.125400
9877.000000 0.125200
9878.000000 0.124900
9879.000000 0.124600
9880.000000 0.124400
9881.000000 0.124100
9882.000000 0.123800
9883.000000 0.123600
9884.000000 0.123300
9885.000000 0.123000
9886.000000 0.122700
9887.000000 0.122500
9888.000000 0.122200
9889.000000 0.121900
9890.000000 0.121700
9891.000000 0.121400
9892.000000 0.121100
9893.000000 0.120800
9894.000000 0.120600
9895.000000 0.120300
9896.000000 0.120000
9897.000000 0.119700
9898.000000 0.119500
9899.000000 0.119200
9900.000000 0.118900
9901.000000 0.118700
9902.000000 0.118400
9903.000000 0.118200
9904.000000 0.117900
9905.000000 0.117600
9906.000000 0.117400
9907.000000 0.117100
9908.000000 0.116900
9909.000000 0.116600
9910.000000 0.116300
9911.000000 0.116100
9912.000000 0.115800
9913.000000 0.115600
9914.000000 0.115300
9915.000000 0.115100
9916.000000 0.114800
9917.000000 0.114500
9918.000000 0.114300
9919.000000 0.114000
9920.000000 0.113800
9921.000000 0.113500
9922.000000 0.113200
9923.000000 0.113000
9924.000000 0.112700
9925.000000 0.112500
9926.000000 0.112200
9927.000000 0.112000
9928.000000 0.111700
9929.000000 0.111400
9930.000000 0.111200
9931.000000 0.110900
9932.000000 0.110700
9933.000000 0.110400
9934.000000 0.110100
9935.000000 0.109900
9936.000000 0.109600
9937.000000 0.109400
9938.000000 0.109100
9939.000000 0.108900
9940.000000 0.108600
9941.000000 0.108300
9942.000000 0.108100
9943.000000 0.107800
9944.000000 0.107600
9945.000000 0.107300
9946.000000 0.107100
9947.000000 0.106800
9948.000000 0.106500
9949.000000 0.106300
9950.000000 0.106000
9951.000000 0.105800
9952.000000 0.105500
9953.000000 0.105200
9954.000000 0.105000
9955.000000 0.104700
9956.000000 0.104500
9957.000000 0.104200
9958.000000 0.104000
9959.000000 0.103700
9960.000000 0.103400
9961.000000 0.103200
9962.000000 0.102900
9963.000000 0.102700
9964.000000 0.102400
9965.000000 0.102200
9966.000000 0.101900
9967.000000 0.101600
9968.000000 0.101400
9969.000000 0.101100
9970.000000 0.100900
9971.000000 0.100600
9972.000000 0.100400
9973.000000 0.100100
9974.000000 0.099800
9975.000000 0.099600
9976.000000 0.099300
9977.000000 0.099100
9978.000000 0.098800
9979.000000 0.098600
9980.000000 0.098300
9981.000000 0.098000
9982.000000 0.097800
9983.000000 0.097500
9984.000000 0.097300
9985.000000 0.097000
9986.000000 0.096800
9987.000000 0.096500
9988.000000 0.096300
9989.000000 0.096000
9990.000000 0.095700
9991.000000 0.095500
9992.000000 0.095200
9993.000000 0.095000
9994.000000 0.094700
9995.000000 0.094400
9996.000000 0.094200
9997.000000 0.093900
9998.000000 0.093600
9999.000000 0.093400
10000.000000 0.093100
10001.000000 0.092900
10002.000000 0.092700
10003.000000 0.092400
10004.000000 0.092200
10005.000000 0.092000
10006.000000 0.091700
10007.000000 0.091500
10008.000000 0.091300
10009.000000 0.091100
10010.000000 0.090800
10011.000000 0.090600
10012.000000 0.090400
10013.000000 0.090200
10014.000000 0.089900
10015.000000 0.089700
10016.000000 0.089500
10017.000000 0.089200
10018.000000 0.089000
10019.000000 0.088800
10020.000000 0.088600
10021.000000 0.088300
10022.000000 0.088100
10023.000000 0.087900
10024.000000 0.087600
10025.000000 0.087400
10026.000000 0.087200
10027.000000 0.087000
10028.000000 0.086700
10029.000000 0.086500
10030.000000 0.086300
10031.000000 0.086000
10032.000000 0.085800
10033.000000 0.085600
10034.000000 0.085400
10035.000000 0.085100
10036.000000 0.084900
10037.000000 0.084700
10038.000000 0.084500
10039.000000 0.084200
10040.000000 0.084000
10041.000000 0.083800
10042.000000 0.083500
10043.000000 0.083300
10044.000000 0.083100
10045.000000 0.082900
10046.000000 0.082600
10047.000000 0.082400
10048.000000 0.082200
10049.000000 0.082000
10050.000000 0.081700
10051.000000 0.081500
10052.000000 0.081300
10053.000000 0.081000
10054.000000 0.080800
10055.000000 0.080600
10056.000000 0.080400
10057.000000 0.080100
10058.000000 0.079900
10059.000000 0.079700
10060.000000 0.079400
10061.000000 0.079200
10062.000000 0.079000
10063.000000 0.078800
10064.000000 0.078500
10065.000000 0.078300
10066.000000 0.078100
10067.000000 0.077900
10068.000000 0.077600
10069.000000 0.077400
10070.000000 0.077200
10071.000000 0.076900
10072.000000 0.076700
10073.000000 0.076500
10074.000000 0.076300
10075.000000 0.076000
10076.000000 0.075800
10077.000000 0.075600
10078.000000 0.075400
10079.000000 0.075100
10080.000000 0.074900
10081.000000 0.074700
10082.000000 0.074400
10083.000000 0.074200
10084.000000 0.074000
10085.000000 0.073800
10086.000000 0.073500
10087.000000 0.073300
10088.000000 0.073100
10089.000000 0.072900
10090.000000 0.072600
10091.000000 0.072400
10092.000000 0.072200
10093.000000 0.072000
10094.000000 0.071700
10095.000000 0.071500
10096.000000 0.071300
10097.000000 0.071100
10098.000000 0.070800
10099.000000 0.070600
10100.000000 0.070400
10101.000000 0.070200
10102.000000 0.070000
10103.000000 0.069800
10104.000000 0.069600
10105.000000 0.069400
10106.000000 0.069300
10107.000000 0.069100
10108.000000 0.068900
10109.000000 0.068700
10110.000000 0.068500
10111.000000 0.068300
10112.000000 0.068100
10113.000000 0.067900
10114.000000 0.067800
10115.000000 0.067600
10116.000000 0.067400
10117.000000 0.067200
10118.000000 0.067000
10119.000000 0.066800
10120.000000 0.066600
10121.000000 0.066500
10122.000000 0.066300
10123.000000 0.066100
10124.000000 0.065900
10125.000000 0.065700
10126.000000 0.065500
10127.000000 0.065300
10128.000000 0.065100
10129.000000 0.065000
10130.000000 0.064800
10131.000000 0.064600
10132.000000 0.064400
10133.000000 0.064200
10134.000000 0.064000
10135.000000 0.063800
10136.000000 0.063700
10137.000000 0.063500
10138.000000 0.063300
10139.000000 0.063100
10140.000000 0.062900
10141.000000 0.062700
10142.000000 0.062500
10143.000000 0.062400
10144.000000 0.062200
10145.000000 0.062000
10146.000000 0.061800
10147.000000 0.061600
10148.000000 0.061400
10149.000000 0.061200
10150.000000 0.061100
10151.000000 0.060900
10152.000000 0.060700
10153.000000 0.060500
10154.000000 0.060300
10155.000000 0.060100
10156.000000 0.059900
10157.000000 0.059800
10158.000000 0.059600
10159.000000 0.059400
10160.000000 0.059200
10161.000000 0.059000
10162.000000 0.058800
10163.000000 0.058600
10164.000000 0.058500
10165.000000 0.058300
10166.000000 0.058100
10167.000000 0.057900
10168.000000 0.057700
10169.000000 0.057500
10170.000000 0.057400
10171.000000 0.057200
10172.000000 0.057000
10173.000000 0.056800
10174.000000 0.056600
10175.000000 0.056400
10176.000000 0.056200
10177.000000 0.056100
10178.000000 0.055900
10179.000000 0.055700
10180.000000 0.055500
10181.000000 0.055300
10182.000000 0.055100
10183.000000 0.055000
10184.000000 0.054800
10185.000000 0.054600
10186.000000 0.054400
10187.000000 0.054200
10188.000000 0.054000
10189.000000 0.053800
10190.000000 0.053700
10191.000000 0.053500
10192.000000 0.053300
10193.000000 0.053100
10194.000000 0.052900
10195.000000 0.052700
10196.000000 0.052600
10197.000000 0.052400
10198.000000 0.052200
10199.000000 0.052000
10200.000000 0.051800
10201.000000 0.051700
10202.000000 0.051500
10203.000000 0.051400
10204.000000 0.051200
10205.000000 0.051100
10206.000000 0.050900
10207.000000 0.050800
10208.000000 0.050700
10209.000000 0.050500
10210.000000 0.050400
10211.000000 0.050200
10212.000000 0.050100
10213.000000 0.049900
10214.000000 0.049800
10215.000000 0.049600
10216.000000 0.049500
10217.000000 0.049300
10218.000000 0.049200
10219.000000 0.049100
10220.000000 0.048900
10221.000000 0.048800
10222.000000 0.048600
10223.000000 0.048500
10224.000000 0.048300
10225.000000 0.048200
10226.000000 0.048000
10227.000000 0.047900
10228.000000 0.047800
10229.000000 0.047600
10230.000000 0.047500
10231.000000 0.047300
10232.000000 0.047200
10233.000000 0.047000
10234.000000 0.046900
10235.000000 0.046700
10236.000000 0.046600
10237.000000 0.046400
10238.000000 0.046300
10239.000000 0.046200
10240.000000 0.046000
10241.000000 0.045900
10242.000000 0.045700
10243.000000 0.045600
10244.000000 0.045400
10245.000000 0.045300
10246.000000 0.045100
10247.000000 0.045000
10248.000000 0.044900
10249.000000 0.044700
10250.000000 0.044600
10251.000000 0.044400
10252.000000 0.044300
10253.000000 0.044100
10254.000000 0.044000
10255.000000 0.043800
10256.000000 0.043700
10257.000000 0.043600
10258.000000 0.043400
10259.000000 0.043300
10260.000000 0.043100
10261.000000 0.043000
10262.000000 0.042800
10263.000000 0.042700
10264.000000 0.042600
10265.000000 0.042400
10266.000000 0.042300
10267.000000 0.042100
10268.000000 0.042000
10269.000000 0.041800
10270.000000 0.041700
10271.000000 0.041500
10272.000000 0.041400
10273.000000 0.041300
10274.000000 0.041100
10275.000000 0.041000
10276.000000 0.040800
10277.000000 0.040700
10278.000000 0.040500
10279.000000 0.040400
10280.000000 0.040200
10281.000000 0.040100
10282.000000 0.040000
10283.000000 0.039800
10284.000000 0.039700
10285.000000 0.039500
10286.000000 0.039400
10287.000000 0.039200
10288.000000 0.039100
10289.000000 0.038900
10290.000000 0.038800
10291.000000 0.038700
10292.000000 0.038500
10293.000000 0.038400
10294.000000 0.038200
10295.000000 0.038100
10296.000000 0.037900
10297.000000 0.037800
10298.000000 0.037700
10299.000000 0.037500
10300.000000 0.037400
10301.000000 0.037200
10302.000000 0.037100
10303.000000 0.037000
10304.000000 0.036900
10305.000000 0.036800
10306.000000 0.036700
10307.000000 0.036500
10308.000000 0.036400
10309.000000 0.036300
10310.000000 0.036200
10311.000000 0.036100
10312.000000 0.036000
10313.000000 0.035800
10314.000000 0.035700
10315.000000 0.035600
10316.000000 0.035500
10317.000000 0.035400
10318.000000 0.035200
10319.000000 0.035100
10320.000000 0.035000
10321.000000 0.034900
10322.000000 0.034800
10323.000000 0.034700
10324.000000 0.034500
10325.000000 0.034400
10326.000000 0.034300
10327.000000 0.034200
10328.000000 0.034100
10329.000000 0.034000
10330.000000 0.033800
10331.000000 0.033700
10332.000000 0.033600
10333.000000 0.033500
10334.000000 0.033400
10335.000000 0.033300
10336.000000 0.033100
10337.000000 0.033000
10338.000000 0.032900
10339.000000 0.032800
10340.000000 0.032700
10341.000000 0.032500
10342.000000 0.032400
10343.000000 0.032300
10344.000000 0.032200
10345.000000 0.032100
10346.000000 0.032000
10347.000000 0.031800
10348.000000 0.031700
10349.000000 0.031600
10350.000000 0.031500
10351.000000 0.031400
10352.000000 0.031300
10353.000000 0.031100
10354.000000 0.031000
10355.000000 0.030900
10356.000000 0.030800
10357.000000 0.030700
10358.000000 0.030600
10359.000000 0.030400
10360.000000 0.030300
10361.000000 0.030200
10362.000000 0.030100
10363.000000 0.030000
10364.000000 0.029900
10365.000000 0.029700
10366.000000 0.029600
10367.000000 0.029500
10368.000000 0.029400
10369.000000 0.029300
10370.000000 0.029200
10371.000000 0.029000
10372.000000 0.028900
10373.000000 0.028800
10374.000000 0.028700
10375.000000 0.028600
10376.000000 0.028500
10377.000000 0.028300
10378.000000 0.028200
10379.000000 0.028100
10380.000000 0.028000
10381.000000 0.027900
10382.000000 0.027800
10383.000000 0.027600
10384.000000 0.027500
10385.000000 0.027400
10386.000000 0.027300
10387.000000 0.027200
10388.000000 0.027100
10389.000000 0.026900
10390.000000 0.026800
10391.000000 0.026700
10392.000000 0.026600
10393.000000 0.026500
10394.000000 0.026400
10395.000000 0.026200
10396.000000 0.026100
10397.000000 0.026000
10398.000000 0.025900
10399.000000 0.025800
10400.000000 0.025700
10401.000000 0.025600
10402.000000 0.025500
10403.000000 0.025400
10404.000000 0.025300
10405.000000 0.025200
10406.000000 0.025100
10407.000000 0.025000
10408.000000 0.024900
10409.000000 0.024800
10410.000000 0.024700
10411.000000 0.024700
10412.000000 0.024600
10413.000000 0.024500
10414.000000 0.024400
10415.000000 0.024300
10416.000000 0.024200
10417.000000 0.024100
10418.000000 0.024000
10419.000000 0.023900
10420.000000 0.023800
10421.000000 0.023700
10422.000000 0.023700
10423.000000 0.023600
10424.000000 0.023500
10425.000000 0.023400
10426.000000 0.023300
10427.000000 0.023200
10428.000000 0.023100
10429.000000 0.023000
10430.000000 0.022900
10431.000000 0.022800
10432.000000 0.022700
10433.000000 0.022700
10434.000000 0.022600
10435.000000 0.022500
10436.000000 0.022400
10437.000000 0.022300
10438.000000 0.022200
10439.000000 0.022100
10440.000000 0.022000
10441.000000 0.021900
10442.000000 0.021800
10443.000000 0.021700
10444.000000 0.021700
10445.000000 0.021600
10446.000000 0.021500
10447.000000 0.021400
10448.000000 0.021300
10449.000000 0.021200
10450.000000 0.021100
10451.000000 0.021000
10452.000000 0.020900
10453.000000 0.020800
10454.000000 0.020700
10455.000000 0.020700
10456.000000 0.020600
10457.000000 0.020500
10458.000000 0.020400
10459.000000 0.020300
10460.000000 0.020200
10461.000000 0.020100
10462.000000 0.020000
10463.000000 0.019900
10464.000000 0.019800
10465.000000 0.019700
10466.000000 0.019700
10467.000000 0.019600
10468.000000 0.019500
10469.000000 0.019400
10470.000000 0.019300
10471.000000 0.019200
10472.000000 0.019100
10473.000000 0.019000
10474.000000 0.018900
10475.000000 0.018800
10476.000000 0.018800
10477.000000 0.018700
10478.000000 0.018600
10479.000000 0.018500
10480.000000 0.018400
10481.000000 0.018300
10482.000000 0.018200
10483.000000 0.018100
10484.000000 0.018000
10485.000000 0.017900
10486.000000 0.017900
10487.000000 0.017800
10488.000000 0.017700
10489.000000 0.017600
10490.000000 0.017500
10491.000000 0.017400
10492.000000 0.017300
10493.000000 0.017200
10494.000000 0.017100
10495.000000 0.017000
10496.000000 0.016900
10497.000000 0.016900
10498.000000 0.016800
10499.000000 0.016700
10500.000000 0.016600
10501.000000 0.016500
10502.000000 0.016500
10503.000000 0.016400
10504.000000 0.016300
10505.000000 0.016300
10506.000000 0.016200
10507.000000 0.016100
10508.000000 0.016100
10509.000000 0.016000
10510.000000 0.015900
10511.000000 0.015900
10512.000000 0.015800
10513.000000 0.015700
10514.000000 0.015700
10515.000000 0.015600
10516.000000 0.015600
10517.000000 0.015500
10518.000000 0.015400
10519.000000 0.015400
10520.000000 0.015300
10521.000000 0.015200
10522.000000 0.015200
10523.000000 0.015100
10524.000000 0.015000
10525.000000 0.015000
10526.000000 0.014900
10527.000000 0.014800
10528.000000 0.014800
10529.000000 0.014700
10530.000000 0.014700
10531.000000 0.014600
10532.000000 0.014500
10533.000000 0.014500
10534.000000 0.014400
10535.000000 0.014300
10536.000000 0.014300
10537.000000 0.014200
10538.000000 0.014100
10539.000000 0.014100
10540.000000 0.014000
10541.000000 0.013900
10542.000000 0.013900
10543.000000 0.013800
10544.000000 0.013800
10545.000000 0.013700
10546.000000 0.013600
10547.000000 0.013600
10548.000000 0.013500
10549.000000 0.013400
10550.000000 0.013400
10551.000000 0.013300
10552.000000 0.013200
10553.000000 0.013200
10554.000000 0.013100
10555.000000 0.013000
10556.000000 0.013000
10557.000000 0.012900
10558.000000 0.012900
10559.000000 0.012800
10560.000000 0.012700
10561.000000 0.012700
10562.000000 0.012600
10563.000000 0.012500
10564.000000 0.012500
10565.000000 0.012400
10566.000000 0.012300
10567.000000 0.012300
10568.000000 0.012200
10569.000000 0.012100
10570.000000 0.012100
10571.000000 0.012000
10572.000000 0.012000
10573.000000 0.011900
10574.000000 0.011800
10575.000000 0.011800
10576.000000 0.011700
10577.000000 0.011600
10578.000000 0.011600
10579.000000 0.011500
10580.000000 0.011400
10581.000000 0.011400
10582.000000 0.011300
10583.000000 0.011300
10584.000000 0.011200
10585.000000 0.011100
10586.000000 0.011100
10587.000000 0.011000
10588.000000 0.010900
10589.000000 0.010900
10590.000000 0.010800
10591.000000 0.010700
10592.000000 0.010700
10593.000000 0.010600
10594.000000 0.010500
10595.000000 0.010500
10596.000000 0.010400
10597.000000 0.010400
10598.000000 0.010300
10599.000000 0.010200
10600.000000 0.010200
10601.000000 0.010100
10602.000000 0.010100
10603.000000 0.010000
10604.000000 0.010000
10605.000000 0.009900
10606.000000 0.009900
10607.000000 0.009800
10608.000000 0.009800
10609.000000 0.009800
10610.000000 0.009700
10611.000000 0.009700
10612.000000 0.009600
10613.000000 0.009600
10614.000000 0.009500
10615.000000 0.009500
10616.000000 0.009400
10617.000000 0.009400
10618.000000 0.009400
10619.000000 0.009300
10620.000000 0.009300
10621.000000 0.009200
10622.000000 0.009200
10623.000000 0.009100
10624.000000 0.009100
10625.000000 0.009000
10626.000000 0.009000
10627.000000 0.009000
10628.000000 0.008900
10629.000000 0.008900
10630.000000 0.008800
10631.000000 0.008800
10632.000000 0.008700
10633.000000 0.008700
10634.000000 0.008600
10635.000000 0.008600
10636.000000 0.008600
10637.000000 0.008500
10638.000000 0.008500
10639.000000 0.008400
10640.000000 0.008400
10641.000000 0.008300
10642.000000 0.008300
10643.000000 0.008200
10644.000000 0.008200
10645.000000 0.008100
10646.000000 0.008100
10647.000000 0.008100
10648.000000 0.008000
10649.000000 0.008000
10650.000000 0.007900
10651.000000 0.007900
10652.000000 0.007800
10653.000000 0.007800
10654.000000 0.007700
10655.000000 0.007700
10656.000000 0.007700
10657.000000 0.007600
10658.000000 0.007600
10659.000000 0.007500
10660.000000 0.007500
10661.000000 0.007400
10662.000000 0.007400
10663.000000 0.007300
10664.000000 0.007300
10665.000000 0.007300
10666.000000 0.007200
10667.000000 0.007200
10668.000000 0.007100
10669.000000 0.007100
10670.000000 0.007000
10671.000000 0.007000
10672.000000 0.006900
10673.000000 0.006900
10674.000000 0.006900
10675.000000 0.006800
10676.000000 0.006800
10677.000000 0.006700
10678.000000 0.006700
10679.000000 0.006600
10680.000000 0.006600
10681.000000 0.006500
10682.000000 0.006500
10683.000000 0.006500
10684.000000 0.006400
10685.000000 0.006400
10686.000000 0.006300
10687.000000 0.006300
10688.000000 0.006200
10689.000000 0.006200
10690.000000 0.006100
10691.000000 0.006100
10692.000000 0.006000
10693.000000 0.006000
10694.000000 0.006000
10695.000000 0.005900
10696.000000 0.005900
10697.000000 0.005800
10698.000000 0.005800
10699.000000 0.005700
10700.000000 0.005700
10701.000000 0.005700
10702.000000 0.005600
10703.000000 0.005600
10704.000000 0.005600
10705.000000 0.005600
10706.000000 0.005500
10707.000000 0.005500
10708.000000 0.005500
10709.000000 0.005500
10710.000000 0.005400
10711.000000 0.005400
10712.000000 0.005400
10713.000000 0.005400
10714.000000 0.005300
10715.000000 0.005300
10716.000000 0.005300
10717.000000 0.005300
10718.000000 0.005200
10719.000000 0.005200
10720.000000 0.005200
10721.000000 0.005200
10722.000000 0.005100
10723.000000 0.005100
10724.000000 0.005100
10725.000000 0.005100
10726.000000 0.005000
10727.000000 0.005000
10728.000000 0.005000
10729.000000 0.005000
10730.000000 0.004900
10731.000000 0.004900
10732.000000 0.004900
10733.000000 0.004900
10734.000000 0.004800
10735.000000 0.004800
10736.000000 0.004800
10737.000000 0.004700
10738.000000 0.004700
10739.000000 0.004700
10740.000000 0.004700
10741.000000 0.004600
10742.000000 0.004600
10743.000000 0.004600
10744.000000 0.004600
10745.000000 0.004500
10746.000000 0.004500
10747.000000 0.004500
10748.000000 0.004500
10749.000000 0.004400
10750.000000 0.004400
10751.000000 0.004400
10752.000000 0.004400
10753.000000 0.004300
10754.000000 0.004300
10755.000000 0.004300
10756.000000 0.004300
10757.000000 0.004200
10758.000000 0.004200
10759.000000 0.004200
10760.000000 0.004200
10761.000000 0.004100
10762.000000 0.004100
10763.000000 0.004100
10764.000000 0.004100
10765.000000 0.004000
10766.000000 0.004000
10767.000000 0.004000
10768.000000 0.004000
10769.000000 0.003900
10770.000000 0.003900
10771.000000 0.003900
10772.000000 0.003900
10773.000000 0.003800
10774.000000 0.003800
10775.000000 0.003800
10776.000000 0.003800
10777.000000 0.003700
10778.000000 0.003700
10779.000000 0.003700
10780.000000 0.003700
10781.000000 0.003600
10782.000000 0.003600
10783.000000 0.003600
10784.000000 0.003600
10785.000000 0.003500
10786.000000 0.003500
10787.000000 0.003500
10788.000000 0.003500
10789.000000 0.003400
10790.000000 0.003400
10791.000000 0.003400
10792.000000 0.003300
10793.000000 0.003300
10794.000000 0.003300
10795.000000 0.003300
10796.000000 0.003200
10797.000000 0.003200
10798.000000 0.003200
10799.000000 0.003200
10800.000000 0.003100
10801.000000 0.003100
10802.000000 0.003100
10803.000000 0.003100
10804.000000 0.003100
10805.000000 0.003100
10806.000000 0.003100
10807.000000 0.003100
10808.000000 0.003000
10809.000000 0.003000
10810.000000 0.003000
10811.000000 0.003000
10812.000000 0.003000
10813.000000 0.003000
10814.000000 0.003000
10815.000000 0.003000
10816.000000 0.002900
10817.000000 0.002900
10818.000000 0.002900
10819.000000 0.002900
10820.000000 0.002900
10821.000000 0.002900
10822.000000 0.002900
10823.000000 0.002900
10824.000000 0.002800
10825.000000 0.002800
10826.000000 0.002800
10827.000000 0.002800
10828.000000 0.002800
10829.000000 0.002800
10830.000000 0.002800
10831.000000 0.002800
10832.000000 0.002700
10833.000000 0.002700
10834.000000 0.002700
10835.000000 0.002700
10836.000000 0.002700
10837.000000 0.002700
10838.000000 0.002700
10839.000000 0.002700
10840.000000 0.002600
10841.000000 0.002600
10842.000000 0.002600
10843.000000 0.002600
10844.000000 0.002600
10845.000000 0.002600
10846.000000 0.002600
10847.000000 0.002500
10848.000000 0.002500
10849.000000 0.002500
10850.000000 0.002500
10851.000000 0.002500
10852.000000 0.002500
10853.000000 0.002500
10854.000000 0.002500
10855.000000 0.002400
10856.000000 0.002400
10857.000000 0.002400
10858.000000 0.002400
10859.000000 0.002400
10860.000000 0.002400
10861.000000 0.002400
10862.000000 0.002400
10863.000000 0.002300
10864.000000 0.002300
10865.000000 0.002300
10866.000000 0.002300
10867.000000 0.002300
10868.000000 0.002300
10869.000000 0.002300
10870.000000 0.002300
10871.000000 0.002200
10872.000000 0.002200
10873.000000 0.002200
10874.000000 0.002200
10875.000000 0.002200
10876.000000 0.002200
10877.000000 0.002200
10878.000000 0.002200
10879.000000 0.002100
10880.000000 0.002100
10881.000000 0.002100
10882.000000 0.002100
10883.000000 0.002100
10884.000000 0.002100
10885.000000 0.002100
10886.000000 0.002100
10887.000000 0.002000
10888.000000 0.002000
10889.000000 0.002000
10890.000000 0.002000
10891.000000 0.002000
10892.000000 0.002000
10893.000000 0.002000
10894.000000 0.002000
10895.000000 0.001900
10896.000000 0.001900
10897.000000 0.001900
10898.000000 0.001900
10899.000000 0.001900
10900.000000 0.001900
10901.000000 0.001900
10902.000000 0.001800
10903.000000 0.001800
10904.000000 0.001800
10905.000000 0.001800
10906.000000 0.001800
10907.000000 0.001700
10908.000000 0.001700
10909.000000 0.001700
10910.000000 0.001700
10911.000000 0.001700
10912.000000 0.001700
10913.000000 0.001600
10914.000000 0.001600
10915.000000 0.001600
10916.000000 0.001600
10917.000000 0.001600
10918.000000 0.001500
10919.000000 0.001500
10920.000000 0.001500
10921.000000 0.001500
10922.000000 0.001500
10923.000000 0.001400
10924.000000 0.001400
10925.000000 0.001400
10926.000000 0.001400
10927.000000 0.001400
10928.000000 0.001400
10929.000000 0.001300
10930.000000 0.001300
10931.000000 0.001300
10932.000000 0.001300
10933.000000 0.001300
10934.000000 0.001200
10935.000000 0.001200
10936.000000 0.001200
10937.000000 0.001200
10938.000000 0.001200
10939.000000 0.001100
10940.000000 0.001100
10941.000000 0.001100
10942.000000 0.001100
10943.000000 0.001100
10944.000000 0.001000
10945.000000 0.001000
10946.000000 0.001000
10947.000000 0.001000
10948.000000 0.001000
10949.000000 0.001000
10950.000000 0.000900
10951.000000 0.000900
10952.000000 0.000900
10953.000000 0.000900
10954.000000 0.000900
10955.000000 0.000800
10956.000000 0.000800
10957.000000 0.000800
10958.000000 0.000800
10959.000000 0.000800
10960.000000 0.000700
10961.000000 0.000700
10962.000000 0.000700
10963.000000 0.000700
10964.000000 0.000700
10965.000000 0.000700
10966.000000 0.000600
10967.000000 0.000600
10968.000000 0.000600
10969.000000 0.000600
10970.000000 0.000600
10971.000000 0.000500
10972.000000 0.000500
10973.000000 0.000500
10974.000000 0.000500
10975.000000 0.000500
10976.000000 0.000400
10977.000000 0.000400
10978.000000 0.000400
10979.000000 0.000400
10980.000000 0.000400
10981.000000 0.000400
10982.000000 0.000300
10983.000000 0.000300
10984.000000 0.000300
10985.000000 0.000300
10986.000000 0.000300
10987.000000 0.000200
10988.000000 0.000200
10989.000000 0.000200
10990.000000 0.000200
10991.000000 0.000200
10992.000000 0.000100
10993.000000 0.000100
10994.000000 0.000100
10995.000000 0.000100
10996.000000 0.000100
10997.000000 0.000100
