4387.000000 0.000100
4388.000000 0.000100
4389.000000 0.000100
4390.000000 0.000100
4391.000000 0.000100
4392.000000 0.000100
4393.000000 0.000100
4394.000000 0.000100
4395.000000 0.000100
4396.000000 0.000100
4397.000000 0.000200
4398.000000 0.000200
4399.000000 0.000200
4400.000000 0.000200
4401.000000 0.000300
4402.000000 0.000300
4403.000000 0.000300
4404.000000 0.000400
4405.000000 0.000400
4406.000000 0.000500
4407.000000 0.000600
4408.000000 0.000600
4409.000000 0.000700
4410.000000 0.000800
4411.000000 0.000900
4412.000000 0.001100
4413.000000 0.001300
4414.000000 0.001500
4415.000000 0.001700
4416.000000 0.002100
4417.000000 0.002400
4418.000000 0.002900
4419.000000 0.003300
4420.000000 0.004000
4421.000000 0.004700
4422.000000 0.005700
4423.000000 0.006700
4424.000000 0.008100
4425.000000 0.009800
4426.000000 0.011800
4427.000000 0.014400
4428.000000 0.017400
4429.000000 0.021500
4430.000000 0.026300
4431.000000 0.032700
4432.000000 0.040100
4433.000000 0.050800
4434.000000 0.062600
4435.000000 0.077900
4436.000000 0.095700
4437.000000 0.118700
4438.000000 0.145400
4439.000000 0.176000
4440.000000 0.209200
4441.000000 0.243100
4442.000000 0.280100
4443.000000 0.312900
4444.000000 0.342700
4445.000000 0.365500
4446.000000 0.384700
4447.000000 0.396600
4448.000000 0.403500
4449.000000 0.406700
4450.000000 0.407400
4451.000000 0.406300
4452.000000 0.404000
4453.000000 0.402600
4454.000000 0.400100
4455.000000 0.398100
4456.000000 0.397100
4457.000000 0.396300
4458.000000 0.396200
4459.000000 0.396800
4460.000000 0.397700
4461.000000 0.399100
4462.000000 0.400900
4463.000000 0.403000
4464.000000 0.405100
4465.000000 0.407300
4466.000000 0.409600
4467.000000 0.410900
4468.000000 0.413900
4469.000000 0.415500
4470.000000 0.418200
4471.000000 0.419800
4472.000000 0.421200
4473.000000 0.422400
4474.000000 0.424100
4475.000000 0.425200
4476.000000 0.426200
4477.000000 0.426600
4478.000000 0.427100
4479.000000 0.427300
4480.000000 0.428400
4481.000000 0.428300
4482.000000 0.428600
4483.000000 0.428700
4484.000000 0.429400
4485.000000 0.429500
4486.000000 0.429600
4487.000000 0.429800
4488.000000 0.430300
4489.000000 0.429800
4490.000000 0.430200
4491.000000 0.430200
4492.000000 0.430300
4493.000000 0.430900
4494.000000 0.431000
4495.000000 0.431300
4496.000000 0.431400
4497.000000 0.431700
4498.000000 0.431900
4499.000000 0.431800
4500.000000 0.433200
4501.000000 0.432500
4502.000000 0.433100
4503.000000 0.434200
4504.000000 0.433800
4505.000000 0.434500
4506.000000 0.434700
4507.000000 0.434700
4508.000000 0.435000
4509.000000 0.436000
4510.000000 0.436200
4511.000000 0.436200
4512.000000 0.436600
4513.000000 0.436600
4514.000000 0.437300
4515.000000 0.437200
4516.000000 0.437600
4517.000000 0.438200
4518.000000 0.438000
4519.000000 0.438800
4520.000000 0.438800
4521.000000 0.439000
4522.000000 0.438800
4523.000000 0.439100
4524.000000 0.439300
4525.000000 0.438800
4526.000000 0.438800
4527.000000 0.439400
4528.000000 0.438600
4529.000000 0.438600
4530.000000 0.437800
4531.000000 0.438200
4532.000000 0.438100
4533.000000 0.437900
4534.000000 0.437900
4535.000000 0.437200
4536.000000 0.437000
4537.000000 0.437300
4538.000000 0.437100
4539.000000 0.436700
4540.000000 0.437400
4541.000000 0.436600
4542.000000 0.436800
4543.000000 0.436800
4544.000000 0.436900
4545.000000 0.436300
4546.000000 0.437700
4547.000000 0.437900
4548.000000 0.438000
4549.000000 0.438300
4550.000000 0.438400
4551.000000 0.439400
4552.000000 0.439700
4553.000000 0.439700
4554.000000 0.440400
4555.000000 0.440600
4556.000000 0.441200
4557.000000 0.441500
4558.000000 0.442100
4559.000000 0.442200
4560.000000 0.442800
4561.000000 0.442800
4562.000000 0.442800
4563.000000 0.442900
4564.000000 0.443500
4565.000000 0.442800
4566.000000 0.443500
4567.000000 0.443400
4568.000000 0.442900
4569.000000 0.442400
4570.000000 0.441500
4571.000000 0.441700
4572.000000 0.439500
4573.000000 0.438100
4574.000000 0.436000
4575.000000 0.433100
4576.000000 0.428900
4577.000000 0.423600
4578.000000 0.416300
4579.000000 0.407600
4580.000000 0.395600
4581.000000 0.381400
4582.000000 0.364800
4583.000000 0.345800
4584.000000 0.325400
4585.000000 0.300700
4586.000000 0.275300
4587.000000 0.248000
4588.000000 0.222700
4589.000000 0.195300
4590.000000 0.172400
4591.000000 0.149000
4592.000000 0.129800
4593.000000 0.110600
4594.000000 0.094400
4595.000000 0.080800
4596.000000 0.068600
4597.000000 0.058500
4598.000000 0.049000
4599.000000 0.041800
4600.000000 0.035200
4601.000000 0.030100
4602.000000 0.025200
4603.000000 0.021700
4604.000000 0.018300
4605.000000 0.015800
4606.000000 0.013600
4607.000000 0.011700
4608.000000 0.010100
4609.000000 0.008700
4610.000000 0.007500
4611.000000 0.006500
4612.000000 0.005600
4613.000000 0.004900
4614.000000 0.004300
4615.000000 0.003700
4616.000000 0.003200
4617.000000 0.002800
4618.000000 0.002500
4619.000000 0.002200
4620.000000 0.001900
4621.000000 0.001700
4622.000000 0.001600
4623.000000 0.001400
4624.000000 0.001200
4625.000000 0.001100
4626.000000 0.001000
4627.000000 0.000900
4628.000000 0.000800
4629.000000 0.000700
4630.000000 0.000600
4631.000000 0.000600
4632.000000 0.000500
4633.000000 0.000500
4634.000000 0.000400
4635.000000 0.000400
4636.000000 0.000300
4637.000000 0.000300
4638.000000 0.000300
4639.000000 0.000200
4640.000000 0.000200
4641.000000 0.000200
4642.000000 0.000200
4643.000000 0.000200
4644.000000 0.000200
4645.000000 0.000100
4646.000000 0.000100
4647.000000 0.000100
4648.000000 0.000100
4649.000000 0.000100
4650.000000 0.000100
4651.000000 0.000100
4652.000000 0.000100
4653.000000 0.000100
4654.000000 0.000100
4655.000000 0.000100
4656.000000 0.000100
4657.000000 0.000100
