2.195000000000000000e+03 1.265313271901511783e-04
2.196000000000000000e+03 1.301508775271668092e-04
2.197000000000000000e+03 1.337897588284332924e-04
2.198000000000000000e+03 1.374480257614388561e-04
2.199000000000000000e+03 1.411257330926195155e-04
2.200000000000000000e+03 1.448229356874805303e-04
2.200687011718750000e+03 1.474038478310647651e-04
2.201000000000000000e+03 1.479144560041215008e-04
2.202000000000000000e+03 1.495512846751265352e-04
2.203000000000000000e+03 1.511963797384748302e-04
2.204000000000000000e+03 1.528497641535428919e-04
2.205000000000000000e+03 1.545114609208399865e-04
2.206000000000000000e+03 1.561814930820585017e-04
2.207000000000000000e+03 1.578598837201244433e-04
2.208000000000000000e+03 1.595466382843356980e-04
2.209000000000000000e+03 1.612418151039246063e-04
2.210000000000000000e+03 1.629454198961442280e-04
2.210688964843750000e+03 1.641210557631327279e-04
2.211000000000000000e+03 1.655389987632030415e-04
2.212000000000000000e+03 1.701147740518350708e-04
2.213000000000000000e+03 1.747165219258392434e-04
2.214000000000000000e+03 1.793443159863316737e-04
2.215000000000000000e+03 1.839982095961472644e-04
2.216000000000000000e+03 1.886783168456332926e-04
2.217000000000000000e+03 1.933846918758425374e-04
2.218000000000000000e+03 1.981174088175542052e-04
2.219000000000000000e+03 2.028746559548842102e-04
2.220000000000000000e+03 2.076602353345330301e-04
2.220691162109375000e+03 2.109792365461522410e-04
2.221000000000000000e+03 2.151143619021838671e-04
2.222000000000000000e+03 2.285547512655088489e-04
2.223000000000000000e+03 2.420733400205664018e-04
2.224000000000000000e+03 2.556703997633124562e-04
2.225000000000000000e+03 2.693461251333595179e-04
2.226000000000000000e+03 2.831007364477074466e-04
2.227000000000000000e+03 2.969344544141058447e-04
2.228000000000000000e+03 3.108475001315261460e-04
2.229000000000000000e+03 3.248400950906344905e-04
2.230000000000000000e+03 3.389093137636670430e-04
2.230693115234375000e+03 3.485762465097995704e-04
2.231000000000000000e+03 3.553387068292991570e-04
2.232000000000000000e+03 3.774423665234492007e-04
2.233000000000000000e+03 3.996499062049082272e-04
2.234000000000000000e+03 4.219615006421551136e-04
2.235000000000000000e+03 4.443773247429937579e-04
2.236000000000000000e+03 4.668975535546073430e-04
2.237000000000000000e+03 4.895178190769179129e-04
2.238000000000000000e+03 5.122471725002415927e-04
2.239000000000000000e+03 5.350813965692248009e-04
2.240000000000000000e+03 5.580207825769917078e-04
2.240695312500000000e+03 5.740208228791088838e-04
2.241000000000000000e+03 5.792842976658101918e-04
2.242000000000000000e+03 5.966038203680768762e-04
2.243000000000000000e+03 6.140055549823268460e-04
2.244000000000000000e+03 6.314842508124672311e-04
2.245000000000000000e+03 6.490400315707162355e-04
2.246000000000000000e+03 6.666730210655990316e-04
2.247000000000000000e+03 6.843769973025790564e-04
2.248000000000000000e+03 7.021645342459043732e-04
2.249000000000000000e+03 7.200297267790994275e-04
2.250000000000000000e+03 7.379726235489010317e-04
2.250697509765625000e+03 7.505181182209164949e-04
2.251000000000000000e+03 7.506841363614265425e-04
2.252000000000000000e+03 7.512236445844231369e-04
2.253000000000000000e+03 7.517664703487010255e-04
2.254000000000000000e+03 7.523056480126950321e-04
2.255000000000000000e+03 7.528411700853667680e-04
2.256000000000000000e+03 7.533660491554662608e-04
2.257000000000000000e+03 7.538941501554492341e-04
2.258000000000000000e+03 7.544186561831933658e-04
2.259000000000000000e+03 7.549394766286392699e-04
2.260000000000000000e+03 7.554496072758972629e-04
2.260699707031250000e+03 7.557931167330170707e-04
2.261000000000000000e+03 7.560750946525103718e-04
2.262000000000000000e+03 7.570129954274070015e-04
2.263000000000000000e+03 7.579421699312695240e-04
2.264000000000000000e+03 7.588766417955644097e-04
2.265000000000000000e+03 7.598093969816471695e-04
2.266000000000000000e+03 7.607333056399902954e-04
2.267000000000000000e+03 7.616626069237839892e-04
2.268000000000000000e+03 7.625901790391864188e-04
2.269000000000000000e+03 7.635089521588242067e-04
2.270000000000000000e+03 7.644330455070015053e-04
2.270701904296875000e+03 7.650650436154085880e-04
2.271000000000000000e+03 7.710065341840629475e-04
2.272000000000000000e+03 7.909836095263524450e-04
2.273000000000000000e+03 8.110494205298321956e-04
2.274000000000000000e+03 8.311969492691189060e-04
2.275000000000000000e+03 8.514184366587438301e-04
2.276000000000000000e+03 8.717294654817178559e-04
2.277000000000000000e+03 8.921226529306106956e-04
2.278000000000000000e+03 9.125895828941945004e-04
2.279000000000000000e+03 9.331470592585705461e-04
2.280000000000000000e+03 9.537869483952232273e-04
2.280704101562500000e+03 9.683443830172733854e-04
2.281000000000000000e+03 9.833408601789194944e-04
2.282000000000000000e+03 1.034166733100349515e-03
2.283000000000000000e+03 1.085192314153819509e-03
2.284000000000000000e+03 1.136437478053004858e-03
2.285000000000000000e+03 1.187892953039918756e-03
2.286000000000000000e+03 1.239547436802415116e-03
2.287000000000000000e+03 1.291423913265301151e-03
2.288000000000000000e+03 1.343499150580366704e-03
2.289000000000000000e+03 1.395797779046181785e-03
2.290000000000000000e+03 1.448308155259893414e-03
2.290706298828125000e+03 1.485488026552945475e-03
2.291000000000000000e+03 1.509381802617008840e-03
2.292000000000000000e+03 1.590962394269371510e-03
2.293000000000000000e+03 1.672856900100379123e-03
2.294000000000000000e+03 1.755095891141492549e-03
2.295000000000000000e+03 1.837648141126161858e-03
2.296000000000000000e+03 1.920547253423615089e-03
2.297000000000000000e+03 2.003758958947289646e-03
2.298000000000000000e+03 2.087319687324010447e-03
2.299000000000000000e+03 2.171192552872087695e-03
2.300000000000000000e+03 2.255417073341146970e-03
2.300708496093750000e+03 2.314302543382402294e-03
2.301000000000000000e+03 2.334002549766594613e-03
2.302000000000000000e+03 2.401727840887308337e-03
2.303000000000000000e+03 2.469621522692277884e-03
2.304000000000000000e+03 2.537728762847742386e-03
2.305000000000000000e+03 2.606003583139189679e-03
2.306000000000000000e+03 2.674493656416955956e-03
2.307000000000000000e+03 2.743150493226347540e-03
2.308000000000000000e+03 2.812024284826257405e-03
2.309000000000000000e+03 2.881064017284890987e-03
2.310000000000000000e+03 2.950322089662422466e-03
2.310710449218750000e+03 2.999575931403249216e-03
2.311000000000000000e+03 3.003654184938071067e-03
2.312000000000000000e+03 3.017786834819443775e-03
2.313000000000000000e+03 3.031922939856976796e-03
2.314000000000000000e+03 3.046118303522503575e-03
2.315000000000000000e+03 3.060316931875086636e-03
2.316000000000000000e+03 3.074575141514642850e-03
2.317000000000000000e+03 3.088836424384334717e-03
2.318000000000000000e+03 3.103129019092138938e-03
2.319000000000000000e+03 3.117481681088477355e-03
2.320000000000000000e+03 3.131837127139636221e-03
2.320712890625000000e+03 3.142063139130945541e-03
2.321000000000000000e+03 3.142254511943639531e-03
2.322000000000000000e+03 3.142887409878035183e-03
2.323000000000000000e+03 3.143541594104772019e-03
2.324000000000000000e+03 3.144159841767794894e-03
2.325000000000000000e+03 3.144770747914154511e-03
2.326000000000000000e+03 3.145403265273538987e-03
2.327000000000000000e+03 3.145999462078682193e-03
2.328000000000000000e+03 3.146617256530440977e-03
2.329000000000000000e+03 3.147198704479155489e-03
2.330000000000000000e+03 3.147772761722189300e-03
2.330715087890625000e+03 3.148155803461276381e-03
2.331000000000000000e+03 3.158442979681989199e-03
2.332000000000000000e+03 3.194578126807866725e-03
2.333000000000000000e+03 3.230803050460395384e-03
2.334000000000000000e+03 3.267147903842371800e-03
2.335000000000000000e+03 3.303552984262934575e-03
2.336000000000000000e+03 3.340048113329186288e-03
2.337000000000000000e+03 3.376664074330859317e-03
2.338000000000000000e+03 3.413339903191766646e-03
2.339000000000000000e+03 3.450106053262011647e-03
2.340000000000000000e+03 3.486994684475211957e-03
2.340717285156250000e+03 3.513442757767876526e-03
2.341000000000000000e+03 3.536951617407919045e-03
2.342000000000000000e+03 3.620242232298131330e-03
2.343000000000000000e+03 3.703780127205391886e-03
2.344000000000000000e+03 3.787498169683662774e-03
2.345000000000000000e+03 3.871429858140414213e-03
2.346000000000000000e+03 3.955611762226205266e-03
2.347000000000000000e+03 4.039972143139937584e-03
2.348000000000000000e+03 4.124546800217360025e-03
2.349000000000000000e+03 4.209335943131117287e-03
2.350000000000000000e+03 4.294379242555304045e-03
2.350719482421875000e+03 4.355620880007017928e-03
2.351000000000000000e+03 4.388849361805519794e-03
2.352000000000000000e+03 4.507495423293129098e-03
2.353000000000000000e+03 4.626441382537030932e-03
2.354000000000000000e+03 4.745730598166532886e-03
2.355000000000000000e+03 4.865278286667835093e-03
2.356000000000000000e+03 4.985126728084330987e-03
2.357000000000000000e+03 5.105276206911664623e-03
2.358000000000000000e+03 5.225774994658373765e-03
2.359000000000000000e+03 5.346528507171346284e-03
2.360000000000000000e+03 5.467583914044938515e-03
2.360721679687500000e+03 5.555072901318830643e-03
2.361000000000000000e+03 5.586493116146184351e-03
2.362000000000000000e+03 5.699614709251019443e-03
2.363000000000000000e+03 5.812962123536063834e-03
2.364000000000000000e+03 5.926586898001238654e-03
2.365000000000000000e+03 6.040489285225145166e-03
2.366000000000000000e+03 6.154669537909818883e-03
2.367000000000000000e+03 6.269127908880732167e-03
2.368000000000000000e+03 6.383923223495075426e-03
2.369000000000000000e+03 6.498939640366003731e-03
2.370000000000000000e+03 6.614234937125584683e-03
2.370723876953125000e+03 6.697799505489105375e-03
2.371000000000000000e+03 6.719396123059062816e-03
2.372000000000000000e+03 6.797725715964242008e-03
2.373000000000000000e+03 6.876300054804825729e-03
2.374000000000000000e+03 6.954993887816829194e-03
2.375000000000000000e+03 7.033868954255442438e-03
2.376000000000000000e+03 7.112926939903431445e-03
2.377000000000000000e+03 7.192167244236898245e-03
2.378000000000000000e+03 7.271590026089300510e-03
2.379000000000000000e+03 7.351195444367757473e-03
2.380000000000000000e+03 7.430983658053100238e-03
2.380726074218750000e+03 7.489010910521668417e-03
2.381000000000000000e+03 7.508786709354530776e-03
2.382000000000000000e+03 7.581015048270973999e-03
2.383000000000000000e+03 7.653405153943105936e-03
2.384000000000000000e+03 7.725957162348701633e-03
2.385000000000000000e+03 7.798671209525554968e-03
2.386000000000000000e+03 7.871547431571510739e-03
2.387000000000000000e+03 7.944585964644439516e-03
2.388000000000000000e+03 8.017786944962279269e-03
2.389000000000000000e+03 8.091150508803031036e-03
2.390000000000000000e+03 8.164676792504760652e-03
2.390728515625000000e+03 8.218331998360792201e-03
2.391000000000000000e+03 8.251703785039071065e-03
2.392000000000000000e+03 8.374731158696784722e-03
2.393000000000000000e+03 8.498040611440122599e-03
2.394000000000000000e+03 8.621632374879475286e-03
2.395000000000000000e+03 8.745506680722913914e-03
2.396000000000000000e+03 8.869663760776226591e-03
2.397000000000000000e+03 8.994103846942921865e-03
2.398000000000000000e+03 9.118827171224220055e-03
2.399000000000000000e+03 9.243833965719127840e-03
2.400000000000000000e+03 9.369124462624400101e-03
2.400730712890625000e+03 9.451927741179606129e-03
2.401000000000000000e+03 9.510934531153820981e-03
2.402000000000000000e+03 9.730034624494369663e-03
2.403000000000000000e+03 9.949099751625452293e-03
2.404000000000000000e+03 1.016812978410412335e-02
2.405000000000000000e+03 1.038712346235395705e-02
2.406000000000000000e+03 1.060608289616613888e-02
2.407000000000000000e+03 1.082500684957711685e-02
2.408000000000000000e+03 1.104389519385875866e-02
2.409000000000000000e+03 1.126274780021160014e-02
2.410000000000000000e+03 1.148156453976479849e-02
2.410732910156250000e+03 1.164184031052559187e-02
2.411000000000000000e+03 1.173794096128756050e-02
2.412000000000000000e+03 1.209770674555815835e-02
2.413000000000000000e+03 1.245740817079000334e-02
2.414000000000000000e+03 1.281704502763925634e-02
2.415000000000000000e+03 1.317661710665185906e-02
2.416000000000000000e+03 1.353612419826365210e-02
2.417000000000000000e+03 1.389556609280027250e-02
2.418000000000000000e+03 1.425494258047715034e-02
2.419000000000000000e+03 1.461411993102304345e-02
2.420000000000000000e+03 1.497336170424416572e-02
2.420735107421875000e+03 1.523732026495936212e-02
2.421000000000000000e+03 1.536648081459749890e-02
2.422000000000000000e+03 1.585401611578157385e-02
2.423000000000000000e+03 1.634145530000010935e-02
2.424000000000000000e+03 1.682879808467076244e-02
2.425000000000000000e+03 1.731604418706950838e-02
2.426000000000000000e+03 1.780319332433062673e-02
2.427000000000000000e+03 1.829024521344668752e-02
2.428000000000000000e+03 1.877719957126853731e-02
2.429000000000000000e+03 1.926405611450527147e-02
2.430000000000000000e+03 1.975063427133083582e-02
2.430737548828125000e+03 2.010739158137006197e-02
2.431000000000000000e+03 2.024805929081075623e-02
2.432000000000000000e+03 2.078386753411093704e-02
2.433000000000000000e+03 2.131940877171561999e-02
2.434000000000000000e+03 2.185468279828761684e-02
2.435000000000000000e+03 2.238968940845981193e-02
2.436000000000000000e+03 2.292442839683521416e-02
2.437000000000000000e+03 2.345868554259661690e-02
2.438000000000000000e+03 2.399288381548341995e-02
2.439000000000000000e+03 2.452681385344624571e-02
2.440000000000000000e+03 2.506047545096982965e-02
2.440739746093750000e+03 2.545499134932399654e-02
2.441000000000000000e+03 2.558637147967100789e-02
2.442000000000000000e+03 2.609102316664555291e-02
2.443000000000000000e+03 2.659517268876155152e-02
2.444000000000000000e+03 2.709930030350540461e-02
2.445000000000000000e+03 2.760316788680396149e-02
2.446000000000000000e+03 2.810677524741658773e-02
2.447000000000000000e+03 2.861012219407780416e-02
2.448000000000000000e+03 2.911294317039505794e-02
2.449000000000000000e+03 2.961576415414800267e-02
2.450000000000000000e+03 3.011832415313013198e-02
2.450742187500000000e+03 3.049106572063546225e-02
2.451000000000000000e+03 3.061928710718341343e-02
2.452000000000000000e+03 3.111646546727868043e-02
2.453000000000000000e+03 3.161309297020084563e-02
2.454000000000000000e+03 3.210974100537661996e-02
2.455000000000000000e+03 3.260612585175137745e-02
2.456000000000000000e+03 3.310224732258369024e-02
2.457000000000000000e+03 3.359779920651435881e-02
2.458000000000000000e+03 3.409338887730721523e-02
2.459000000000000000e+03 3.458871461534137465e-02
2.460000000000000000e+03 3.508377623378939464e-02
2.460744384765625000e+03 3.545181904608819129e-02
2.461000000000000000e+03 3.560956230707135878e-02
2.462000000000000000e+03 3.622678954567237070e-02
2.463000000000000000e+03 3.684368577187168564e-02
2.464000000000000000e+03 3.745990974232327186e-02
2.465000000000000000e+03 3.807613767215127509e-02
2.466000000000000000e+03 3.869203390331503456e-02
2.467000000000000000e+03 3.930759820570092072e-02
2.468000000000000000e+03 3.992246703377263367e-02
2.469000000000000000e+03 4.053736122247662832e-02
2.470000000000000000e+03 4.115192279585047630e-02
2.470746582031250000e+03 4.161021215508562549e-02
2.471000000000000000e+03 4.182877494317831235e-02
2.472000000000000000e+03 4.269132154205616814e-02
2.473000000000000000e+03 4.355340244599197747e-02
2.474000000000000000e+03 4.441461332927242739e-02
2.475000000000000000e+03 4.527575408277678681e-02
2.476000000000000000e+03 4.613642818570712345e-02
2.477000000000000000e+03 4.699620793042286193e-02
2.478000000000000000e+03 4.785593998792537357e-02
2.479000000000000000e+03 4.871520443893199298e-02
2.480000000000000000e+03 4.957355024357587570e-02
2.480749023437500000e+03 5.021650320807512224e-02
2.481000000000000000e+03 5.049944508457221426e-02
2.482000000000000000e+03 5.162595727679639840e-02
2.483000000000000000e+03 5.275231715152416817e-02
2.484000000000000000e+03 5.387806518885865370e-02
2.485000000000000000e+03 5.500270108320862161e-02
2.486000000000000000e+03 5.612721400747864436e-02
2.487000000000000000e+03 5.725059360649289997e-02
2.488000000000000000e+03 5.837386976642752051e-02
2.489000000000000000e+03 5.949653200318252150e-02
2.490000000000000000e+03 6.061802919161671244e-02
2.490751220703125000e+03 6.146058456308839402e-02
2.491000000000000000e+03 6.177252575756154995e-02
2.492000000000000000e+03 6.302541422760986334e-02
2.493000000000000000e+03 6.427818072559232654e-02
2.494000000000000000e+03 6.553026363189848325e-02
2.495000000000000000e+03 6.678105601594555574e-02
2.496000000000000000e+03 6.803175901495203681e-02
2.497000000000000000e+03 6.928115543718400826e-02
2.498000000000000000e+03 7.053047680674834341e-02
2.499000000000000000e+03 7.177846059925137301e-02
2.500000000000000000e+03 7.302639834781630979e-02
2.500753662109375000e+03 7.394689790937652996e-02
2.501000000000000000e+03 7.422128731275040581e-02
2.502000000000000000e+03 7.533494024742695694e-02
2.503000000000000000e+03 7.644646668744500828e-02
2.504000000000000000e+03 7.755724340849147469e-02
2.505000000000000000e+03 7.866658583313237973e-02
2.506000000000000000e+03 7.977376931852571407e-02
2.507000000000000000e+03 8.088023073814525066e-02
2.508000000000000000e+03 8.198451166659087574e-02
2.509000000000000000e+03 8.308808889598345848e-02
2.510000000000000000e+03 8.418946414064661099e-02
2.510756103515625000e+03 8.502200553563404872e-02
2.511000000000000000e+03 8.522893973580150662e-02
2.512000000000000000e+03 8.607591024518275458e-02
2.513000000000000000e+03 8.692173991729612581e-02
2.514000000000000000e+03 8.776722401368117210e-02
2.515000000000000000e+03 8.861077777469721084e-02
2.516000000000000000e+03 8.945399990072945562e-02
2.517000000000000000e+03 9.029527526753332312e-02
2.518000000000000000e+03 9.113623289401996674e-02
2.519000000000000000e+03 9.197522738303227918e-02
2.520000000000000000e+03 9.281391798029237084e-02
2.520758300781250000e+03 9.344870250118625377e-02
2.521000000000000000e+03 9.360444184416852331e-02
2.522000000000000000e+03 9.424908830856469633e-02
2.523000000000000000e+03 9.489198482569677351e-02
2.524000000000000000e+03 9.553397925789469669e-02
2.525000000000000000e+03 9.617594250514814591e-02
2.526000000000000000e+03 9.681614748539831006e-02
2.527000000000000000e+03 9.745632138864897265e-02
2.528000000000000000e+03 9.809471411684722586e-02
2.529000000000000000e+03 9.873220230669133013e-02
2.530000000000000000e+03 9.936968545225156879e-02
2.530760498046875000e+03 9.985340767007695739e-02
2.531000000000000000e+03 9.999542203068506607e-02
2.532000000000000000e+03 1.005887637235744758e-01
2.533000000000000000e+03 1.011803504378920165e-01
2.534000000000000000e+03 1.017710872919212056e-01
2.535000000000000000e+03 1.023619005503534074e-01
2.536000000000000000e+03 1.029509415549633294e-01
2.537000000000000000e+03 1.035400685483120059e-01
2.538000000000000000e+03 1.041274118102421681e-01
2.539000000000000000e+03 1.047139028707066433e-01
2.540000000000000000e+03 1.053004942367453262e-01
2.540762939453125000e+03 1.057469194544760765e-01
2.541000000000000000e+03 1.058915686258959515e-01
2.542000000000000000e+03 1.065012004706184096e-01
2.543000000000000000e+03 1.071109178190234046e-01
2.544000000000000000e+03 1.077187873361314524e-01
2.545000000000000000e+03 1.083257722313885618e-01
2.546000000000000000e+03 1.089328574148201723e-01
2.547000000000000000e+03 1.095380770003232113e-01
2.548000000000000000e+03 1.101424223453295742e-01
2.549000000000000000e+03 1.107468708879922742e-01
2.550000000000000000e+03 1.113494361446032005e-01
2.550765380859375000e+03 1.118101863324488798e-01
2.551000000000000000e+03 1.119453872308229375e-01
2.552000000000000000e+03 1.125211171249285297e-01
2.553000000000000000e+03 1.130970154844864323e-01
2.554000000000000000e+03 1.136710418832206776e-01
2.555000000000000000e+03 1.142442132529102594e-01
2.556000000000000000e+03 1.148175669710111285e-01
2.557000000000000000e+03 1.153890319424742961e-01
2.558000000000000000e+03 1.159596404459151409e-01
2.559000000000000000e+03 1.165293920043881104e-01
2.560000000000000000e+03 1.170993443052903704e-01
2.560767578125000000e+03 1.175356186434065309e-01
2.561000000000000000e+03 1.176348498129381887e-01
2.562000000000000000e+03 1.180613780628702869e-01
2.563000000000000000e+03 1.184872310331678696e-01
2.564000000000000000e+03 1.189134825843676802e-01
2.565000000000000000e+03 1.193380004535722766e-01
2.566000000000000000e+03 1.197618291155844727e-01
2.567000000000000000e+03 1.201849809814328068e-01
2.568000000000000000e+03 1.206074556735545478e-01
2.569000000000000000e+03 1.210303457711873337e-01
2.570000000000000000e+03 1.214514687068029564e-01
2.570770019531250000e+03 1.217754513635415786e-01
2.571000000000000000e+03 1.218289928490082774e-01
2.572000000000000000e+03 1.220615345800837165e-01
2.573000000000000000e+03 1.222936418077592985e-01
2.574000000000000000e+03 1.225264203508184407e-01
2.575000000000000000e+03 1.227576598611455350e-01
2.576000000000000000e+03 1.229884641457285599e-01
2.577000000000000000e+03 1.232188329651330294e-01
2.578000000000000000e+03 1.234487660798959108e-01
2.579000000000000000e+03 1.236793793040660006e-01
2.580000000000000000e+03 1.239084555874596094e-01
2.580772460937500000e+03 1.240853235562299206e-01
2.581000000000000000e+03 1.241028771601388192e-01
2.582000000000000000e+03 1.241798765301712487e-01
2.583000000000000000e+03 1.242566377985940551e-01
2.584000000000000000e+03 1.243331608399412674e-01
2.585000000000000000e+03 1.244094455287316214e-01
2.586000000000000000e+03 1.244866145005362745e-01
2.587000000000000000e+03 1.245624227105004561e-01
2.588000000000000000e+03 1.246379921891350856e-01
2.589000000000000000e+03 1.247133228108983777e-01
2.590000000000000000e+03 1.247884144502338366e-01
2.590774902343750000e+03 1.248466324798924443e-01
2.591000000000000000e+03 1.248418476968335272e-01
2.592000000000000000e+03 1.248205222932902148e-01
2.593000000000000000e+03 1.247990977199092827e-01
2.594000000000000000e+03 1.247775471361862037e-01
2.595000000000000000e+03 1.247558838871499209e-01
2.596000000000000000e+03 1.247352321047565521e-01
2.597000000000000000e+03 1.247133430931781084e-01
2.598000000000000000e+03 1.246913412615727468e-01
2.599000000000000000e+03 1.246692265586839959e-01
2.600000000000000000e+03 1.246469989332502221e-01
2.600777099609375000e+03 1.245830669744432545e-01
2.601000000000000000e+03 1.245511925412112059e-01
2.602000000000000000e+03 1.244081618239822051e-01
2.603000000000000000e+03 1.242650784992552770e-01
2.604000000000000000e+03 1.241219425621107181e-01
2.605000000000000000e+03 1.239787540076308925e-01
2.606000000000000000e+03 1.238355261079424202e-01
2.607000000000000000e+03 1.236922322877316155e-01
2.608000000000000000e+03 1.235488858354433228e-01
2.609000000000000000e+03 1.234054867461691768e-01
2.610000000000000000e+03 1.232620350150029076e-01
2.610779541015625000e+03 1.231503316580738749e-01
2.611000000000000000e+03 1.231034863840033411e-01
2.612000000000000000e+03 1.228910622617753468e-01
2.613000000000000000e+03 1.226787457461049613e-01
2.614000000000000000e+03 1.224665369228151585e-01
2.615000000000000000e+03 1.222544358777436918e-01
2.616000000000000000e+03 1.220424426967433168e-01
2.617000000000000000e+03 1.218305705174314024e-01
2.618000000000000000e+03 1.216187932985653697e-01
2.619000000000000000e+03 1.214071242014316543e-01
2.620000000000000000e+03 1.211955633119418674e-01
2.620781982421875000e+03 1.210303761882159101e-01
2.621000000000000000e+03 1.209672834520057610e-01
2.622000000000000000e+03 1.206780682931640342e-01
2.623000000000000000e+03 1.203891451069176860e-01
2.624000000000000000e+03 1.201005140850927161e-01
2.625000000000000000e+03 1.198121754195456690e-01
2.626000000000000000e+03 1.195241293021628570e-01
2.627000000000000000e+03 1.192363759248609711e-01
2.628000000000000000e+03 1.189489282125560377e-01
2.629000000000000000e+03 1.186617608596343271e-01
2.630000000000000000e+03 1.183748868227603723e-01
2.630784179687500000e+03 1.181545509349565259e-01
2.631000000000000000e+03 1.180786335034446910e-01
2.632000000000000000e+03 1.177271330639747954e-01
2.633000000000000000e+03 1.173750084491874679e-01
2.634000000000000000e+03 1.170243733256446372e-01
2.635000000000000000e+03 1.166741697584571941e-01
2.636000000000000000e+03 1.163243980920377618e-01
2.637000000000000000e+03 1.159750586709249603e-01
2.638000000000000000e+03 1.156261642082905966e-01
2.639000000000000000e+03 1.152776902737487619e-01
2.640000000000000000e+03 1.149296496189361888e-01
2.640786621093750000e+03 1.146563271541362755e-01
2.641000000000000000e+03 1.145772674639976285e-01
2.642000000000000000e+03 1.142060239645820846e-01
2.643000000000000000e+03 1.138362972172568960e-01
2.644000000000000000e+03 1.134670583013216300e-01
2.645000000000000000e+03 1.130983076043893532e-01
2.646000000000000000e+03 1.127300455142149216e-01
2.647000000000000000e+03 1.123622724186959382e-01
2.648000000000000000e+03 1.119950006774685231e-01
2.649000000000000000e+03 1.116272044467449820e-01
2.650000000000000000e+03 1.112609039844792008e-01
2.650789062500000000e+03 1.109723347007573468e-01
2.651000000000000000e+03 1.109000781177619938e-01
2.652000000000000000e+03 1.105577922256396201e-01
2.653000000000000000e+03 1.102159423448707820e-01
2.654000000000000000e+03 1.098745288264612180e-01
2.655000000000000000e+03 1.095325689937882152e-01
2.656000000000000000e+03 1.091920323801169185e-01
2.657000000000000000e+03 1.088519448065526224e-01
2.658000000000000000e+03 1.085122833308563295e-01
2.659000000000000000e+03 1.081730599701734713e-01
2.660000000000000000e+03 1.078333076371858212e-01
2.660791503906250000e+03 1.075655698251720138e-01
2.661000000000000000e+03 1.075055901050609858e-01
2.662000000000000000e+03 1.072181038984251072e-01
2.663000000000000000e+03 1.069309351426487170e-01
2.664000000000000000e+03 1.066431276063777162e-01
2.665000000000000000e+03 1.063565971835785801e-01
2.666000000000000000e+03 1.060703963256713483e-01
2.667000000000000000e+03 1.057845026177666736e-01
2.668000000000000000e+03 1.054979817180233953e-01
2.669000000000000000e+03 1.052127284405198898e-01
2.670000000000000000e+03 1.049277944595997658e-01
2.670793701171875000e+03 1.047019809908547039e-01
2.671000000000000000e+03 1.046557872516583609e-01
2.672000000000000000e+03 1.044310378328891786e-01
2.673000000000000000e+03 1.042073980878202577e-01
2.674000000000000000e+03 1.039839410598105418e-01
2.675000000000000000e+03 1.037606446908922037e-01
2.676000000000000000e+03 1.035365923981298453e-01
2.677000000000000000e+03 1.033136421224678664e-01
2.678000000000000000e+03 1.030908640951685579e-01
2.679000000000000000e+03 1.028673368009917488e-01
2.680000000000000000e+03 1.026449058009029358e-01
2.680796142578125000e+03 1.024680511046071191e-01
2.681000000000000000e+03 1.024284095857882909e-01
2.682000000000000000e+03 1.022331100469814763e-01
2.683000000000000000e+03 1.020388210022410702e-01
2.684000000000000000e+03 1.018446358741977309e-01
2.685000000000000000e+03 1.016496443825904705e-01
2.686000000000000000e+03 1.014556692117577069e-01
2.687000000000000000e+03 1.012617982780632531e-01
2.688000000000000000e+03 1.010671267046062138e-01
2.689000000000000000e+03 1.008734663658101133e-01
2.690000000000000000e+03 1.006799213157820727e-01
2.690798583984375000e+03 1.005248005048754445e-01
2.691000000000000000e+03 1.004821712669604628e-01
2.692000000000000000e+03 1.002715126900540210e-01
2.693000000000000000e+03 1.000610026682746956e-01
2.694000000000000000e+03 9.984974762682199967e-02
2.695000000000000000e+03 9.963953708359299388e-02
2.696000000000000000e+03 9.942947551701442066e-02
2.697000000000000000e+03 9.921867518343185921e-02
2.698000000000000000e+03 9.900892448106562993e-02
2.699000000000000000e+03 9.879842860177466546e-02
2.700000000000000000e+03 9.858896820524834514e-02
2.700801025390625000e+03 9.851859821504561909e-02
2.701000000000000000e+03 9.849107045018654083e-02
2.702000000000000000e+03 9.835184560791492003e-02
2.703000000000000000e+03 9.821350711435990199e-02
2.704000000000000000e+03 9.807429664260521041e-02
2.705000000000000000e+03 9.793598040842410590e-02
2.706000000000000000e+03 9.779678441435109282e-02
2.707000000000000000e+03 9.765846969225477903e-02
2.708000000000000000e+03 9.752016034461827299e-02
2.709000000000000000e+03 9.738098567101226288e-02
2.710000000000000000e+03 9.724268846454126036e-02
2.710803466796875000e+03 9.713094253964560387e-02
2.711000000000000000e+03 9.709516868428688663e-02
2.712000000000000000e+03 9.691401835149675292e-02
2.713000000000000000e+03 9.673202327987812099e-02
2.714000000000000000e+03 9.655089397891448988e-02
2.715000000000000000e+03 9.636891309054711197e-02
2.716000000000000000e+03 9.618780500930515509e-02
2.717000000000000000e+03 9.600670676103829904e-02
2.718000000000000000e+03 9.582476209137305578e-02
2.719000000000000000e+03 9.564368531526001860e-02
2.720000000000000000e+03 9.546177571413161367e-02
2.720805908203125000e+03 9.531591214376826382e-02
2.721000000000000000e+03 9.527678319047828970e-02
2.722000000000000000e+03 9.507434069703120383e-02
2.723000000000000000e+03 9.487276137599635895e-02
2.724000000000000000e+03 9.467034840880862723e-02
2.725000000000000000e+03 9.446879498630054994e-02
2.726000000000000000e+03 9.426642175661985312e-02
2.727000000000000000e+03 9.406405433987218012e-02
2.728000000000000000e+03 9.386254102898236584e-02
2.729000000000000000e+03 9.366020360941093581e-02
2.730000000000000000e+03 9.345871667191471555e-02
2.730808349609375000e+03 9.329524251328712159e-02
2.731000000000000000e+03 9.325754987931279827e-02
2.732000000000000000e+03 9.306171578169220027e-02
2.733000000000000000e+03 9.286507405173489993e-02
2.734000000000000000e+03 9.266926482322748737e-02
2.735000000000000000e+03 9.247264179977368603e-02
2.736000000000000000e+03 9.227685764726065165e-02
2.737000000000000000e+03 9.208026340511263341e-02
2.738000000000000000e+03 9.188368452544888598e-02
2.739000000000000000e+03 9.168793923744696095e-02
2.740000000000000000e+03 9.149139913383030898e-02
2.740810791015625000e+03 9.133278524296037371e-02
2.741000000000000000e+03 9.130180248272022625e-02
2.742000000000000000e+03 9.113724542225389025e-02
2.743000000000000000e+03 9.097351131730960216e-02
2.744000000000000000e+03 9.080897550491009995e-02
2.745000000000000000e+03 9.064445113276453636e-02
2.746000000000000000e+03 9.048075488334413052e-02
2.747000000000000000e+03 9.031625196974929493e-02
2.748000000000000000e+03 9.015176061032678656e-02
2.749000000000000000e+03 8.998808332845033287e-02
2.750000000000000000e+03 8.982361367451192902e-02
2.750812988281250000e+03 8.969062049726368724e-02
2.751000000000000000e+03 8.966559021203034108e-02
2.752000000000000000e+03 8.953096124737201789e-02
2.753000000000000000e+03 8.939633066240755543e-02
2.754000000000000000e+03 8.926250375825529881e-02
2.755000000000000000e+03 8.912788781034380881e-02
2.756000000000000000e+03 8.899327985171807953e-02
2.757000000000000000e+03 8.885947191764116682e-02
2.758000000000000000e+03 8.872488819403837046e-02
2.759000000000000000e+03 8.859030312292381915e-02
2.760000000000000000e+03 8.845651442226951100e-02
2.760815673828125000e+03 8.834680846197595638e-02
2.761000000000000000e+03 8.832206569769816829e-02
2.762000000000000000e+03 8.818783679473740644e-02
2.763000000000000000e+03 8.805440035559751466e-02
2.764000000000000000e+03 8.792019544728707503e-02
2.765000000000000000e+03 8.778598920281280305e-02
2.766000000000000000e+03 8.765257178126527327e-02
2.767000000000000000e+03 8.751838039159115512e-02
2.768000000000000000e+03 8.738419709746096664e-02
2.769000000000000000e+03 8.725002192954763036e-02
2.770000000000000000e+03 8.711663073332867602e-02
2.770818115234375000e+03 8.700691520152843694e-02
2.771000000000000000e+03 8.697711719202314007e-02
2.772000000000000000e+03 8.681328581231416430e-02
2.773000000000000000e+03 8.665023764778545523e-02
2.774000000000000000e+03 8.648642820975474543e-02
2.775000000000000000e+03 8.632263055374470029e-02
2.776000000000000000e+03 8.615885384908650302e-02
2.777000000000000000e+03 8.599584534104037781e-02
2.778000000000000000e+03 8.583208173883627445e-02
2.779000000000000000e+03 8.566833007295278357e-02
2.780000000000000000e+03 8.550459038193443384e-02
2.780820312500000000e+03 8.537092771649468226e-02
2.781000000000000000e+03 8.533397768933735639e-02
2.782000000000000000e+03 8.512760215668083164e-02
2.783000000000000000e+03 8.492123477793324382e-02
2.784000000000000000e+03 8.471488464326339118e-02
2.785000000000000000e+03 8.450855180239674747e-02
2.786000000000000000e+03 8.430298628931107152e-02
2.787000000000000000e+03 8.409668630350276841e-02
2.788000000000000000e+03 8.389041264478021287e-02
2.789000000000000000e+03 8.368414757339884269e-02
2.790000000000000000e+03 8.347864250448880363e-02
2.790822998046875000e+03 8.330895825799924936e-02
2.791000000000000000e+03 8.326350375894756017e-02
2.792000000000000000e+03 8.300671538725486187e-02
2.793000000000000000e+03 8.274995939654096466e-02
2.794000000000000000e+03 8.249321830224963514e-02
2.795000000000000000e+03 8.223650095534211502e-02
2.796000000000000000e+03 8.198053627585741299e-02
2.797000000000000000e+03 8.172386428638371558e-02
2.798000000000000000e+03 8.146721623462656325e-02
2.799000000000000000e+03 8.121060077769352847e-02
2.800000000000000000e+03 8.095400076371417342e-02
2.800825195312500000e+03 8.077603217579845674e-02
2.801000000000000000e+03 8.073329387087702091e-02
2.802000000000000000e+03 8.048866224285672333e-02
2.803000000000000000e+03 8.024450551754278016e-02
2.804000000000000000e+03 7.999940360954031771e-02
2.805000000000000000e+03 7.975405477875240068e-02
2.806000000000000000e+03 7.950846740028372217e-02
2.807000000000000000e+03 7.926264135984768811e-02
2.808000000000000000e+03 7.901657654312230217e-02
2.809000000000000000e+03 7.877028116603639052e-02
2.810000000000000000e+03 7.852373842703534723e-02
2.810827880859375000e+03 7.832005743797550157e-02
2.811000000000000000e+03 7.827881763357798228e-02
2.812000000000000000e+03 7.803838467598066264e-02
2.813000000000000000e+03 7.779771794367375259e-02
2.814000000000000000e+03 7.755681732453133248e-02
2.815000000000000000e+03 7.731569087973211296e-02
2.816000000000000000e+03 7.707432212437920205e-02
2.817000000000000000e+03 7.683271914558160998e-02
2.818000000000000000e+03 7.659088183107355674e-02
2.819000000000000000e+03 7.634881813767853409e-02
2.820000000000000000e+03 7.610651178870483924e-02
2.820830078125000000e+03 7.590521092196378383e-02
2.821000000000000000e+03 7.587015679338800223e-02
2.822000000000000000e+03 7.566374270040820971e-02
2.823000000000000000e+03 7.545712590512043683e-02
2.824000000000000000e+03 7.525031426062361861e-02
2.825000000000000000e+03 7.504329174594483176e-02
2.826000000000000000e+03 7.483606623646803235e-02
2.827000000000000000e+03 7.462929984099327119e-02
2.828000000000000000e+03 7.442166616590059625e-02
2.829000000000000000e+03 7.421382920169489195e-02
2.830000000000000000e+03 7.400579666682390034e-02
2.830832519531250000e+03 7.382596654099288225e-02
2.831000000000000000e+03 7.379962983170748614e-02
2.832000000000000000e+03 7.364230783971024985e-02
2.833000000000000000e+03 7.348486664582935812e-02
2.834000000000000000e+03 7.332730622028212075e-02
2.835000000000000000e+03 7.316963425867020754e-02
2.836000000000000000e+03 7.301183526330377871e-02
2.837000000000000000e+03 7.285391694691267794e-02
2.838000000000000000e+03 7.269587927971420116e-02
2.839000000000000000e+03 7.253772223192599122e-02
2.840000000000000000e+03 7.237881168800416876e-02
2.840835205078125000e+03 7.224653756418671080e-02
2.841000000000000000e+03 7.223053484518318634e-02
2.842000000000000000e+03 7.213338248037198808e-02
2.843000000000000000e+03 7.203615198428180155e-02
2.844000000000000000e+03 7.193885092834913231e-02
2.845000000000000000e+03 7.184146409946215450e-02
2.846000000000000000e+03 7.174399907979667201e-02
2.847000000000000000e+03 7.164645584952170076e-02
2.848000000000000000e+03 7.154883438880646485e-02
2.849000000000000000e+03 7.145114221528728327e-02
2.850000000000000000e+03 7.135336422341780060e-02
2.850837646484375000e+03 7.127141058230167248e-02
2.851000000000000000e+03 7.126153838468939072e-02
2.852000000000000000e+03 7.120070058058899920e-02
2.853000000000000000e+03 7.113980941790948309e-02
2.854000000000000000e+03 7.107887237869503494e-02
2.855000000000000000e+03 7.101724537630992040e-02
2.856000000000000000e+03 7.095619462770499930e-02
2.857000000000000000e+03 7.089509046559615280e-02
2.858000000000000000e+03 7.083394034441338472e-02
2.859000000000000000e+03 7.077272930688993657e-02
2.860000000000000000e+03 7.071146481436646480e-02
2.860840087890625000e+03 7.065994598653299597e-02
2.861000000000000000e+03 7.065184022289724974e-02
2.862000000000000000e+03 7.060112451008079826e-02
2.863000000000000000e+03 7.055036993514321453e-02
2.864000000000000000e+03 7.049893746742083578e-02
2.865000000000000000e+03 7.044808330680452091e-02
2.866000000000000000e+03 7.039718281211160278e-02
2.867000000000000000e+03 7.034623597126174466e-02
2.868000000000000000e+03 7.029525017911923690e-02
2.869000000000000000e+03 7.024421060387919802e-02
2.870000000000000000e+03 7.019312464623732317e-02
2.870842529296875000e+03 7.014951429174347275e-02
2.871000000000000000e+03 7.013829057610614093e-02
2.872000000000000000e+03 7.006760938011698248e-02
2.873000000000000000e+03 6.999686130696296249e-02
2.874000000000000000e+03 6.992605373054379403e-02
2.875000000000000000e+03 6.985518663565919162e-02
2.876000000000000000e+03 6.978364999616316899e-02
2.877000000000000000e+03 6.971266447693527657e-02
2.878000000000000000e+03 6.964161939408036739e-02
2.879000000000000000e+03 6.957051473239794781e-02
2.880000000000000000e+03 6.949935047668782950e-02
2.880844970703125000e+03 6.943864049985713771e-02
2.881000000000000000e+03 6.942090037715184514e-02
2.882000000000000000e+03 6.930702555676825083e-02
2.883000000000000000e+03 6.919306264939471818e-02
2.884000000000000000e+03 6.907901163307275660e-02
2.885000000000000000e+03 6.896487248584401430e-02
2.886000000000000000e+03 6.885004369722318163e-02
2.887000000000000000e+03 6.873572925807992784e-02
2.888000000000000000e+03 6.862132662279736561e-02
2.889000000000000000e+03 6.850683576941762887e-02
2.890000000000000000e+03 6.839165933440681522e-02
2.890847412109375000e+03 6.829450509562855209e-02
2.891000000000000000e+03 6.827075667368949496e-02
2.892000000000000000e+03 6.811505233276189675e-02
2.893000000000000000e+03 6.795923226147013163e-02
2.894000000000000000e+03 6.780270437482439905e-02
2.895000000000000000e+03 6.764665415630641276e-02
2.896000000000000000e+03 6.749048812265064090e-02
2.897000000000000000e+03 6.733361130611671685e-02
2.898000000000000000e+03 6.717722204081420789e-02
2.899000000000000000e+03 6.702070979299273867e-02
2.900000000000000000e+03 6.686408161672537098e-02
2.900849853515625000e+03 6.675367812420898717e-02
2.901000000000000000e+03 6.672962135011238638e-02
2.902000000000000000e+03 6.656981551321411450e-02
2.903000000000000000e+03 6.640971491056635312e-02
2.904000000000000000e+03 6.624872035478661381e-02
2.905000000000000000e+03 6.608801042946434168e-02
2.906000000000000000e+03 6.592699847738106578e-02
2.907000000000000000e+03 6.576511058149897559e-02
2.908000000000000000e+03 6.560349574077577184e-02
2.909000000000000000e+03 6.544157859516169795e-02
2.910000000000000000e+03 6.527878271018645873e-02
2.910852294921875000e+03 6.514029268169897746e-02
2.911000000000000000e+03 6.511631015628439878e-02
2.912000000000000000e+03 6.495376224485013839e-02
2.913000000000000000e+03 6.479034013230509925e-02
2.914000000000000000e+03 6.462718905589714957e-02
2.915000000000000000e+03 6.446374229515634824e-02
2.916000000000000000e+03 6.429941869797890786e-02
2.917000000000000000e+03 6.413536143294704117e-02
2.918000000000000000e+03 6.397100143222739232e-02
2.919000000000000000e+03 6.380578226718075507e-02
2.920000000000000000e+03 6.364081798733217665e-02
2.920854736328125000e+03 6.349907076477079304e-02
2.921000000000000000e+03 6.347734138303984253e-02
2.922000000000000000e+03 6.332815619824809505e-02
2.923000000000000000e+03 6.317869876567278054e-02
2.924000000000000000e+03 6.302839969606466308e-02
2.925000000000000000e+03 6.287837894579259568e-02
2.926000000000000000e+03 6.272752575817762410e-02
2.927000000000000000e+03 6.257695457826069341e-02
2.928000000000000000e+03 6.242609750371096861e-02
2.929000000000000000e+03 6.227441183014906928e-02
2.930000000000000000e+03 6.212299725173831000e-02
2.930857421875000000e+03 6.199245923272826697e-02
2.931000000000000000e+03 6.197346215160932231e-02
2.932000000000000000e+03 6.184061881616736284e-02
2.933000000000000000e+03 6.170697983687778443e-02
2.934000000000000000e+03 6.157363449898817231e-02
2.935000000000000000e+03 6.144004388993713761e-02
2.936000000000000000e+03 6.130565457866533202e-02
2.937000000000000000e+03 6.117155505190582238e-02
2.938000000000000000e+03 6.103666556624177258e-02
2.939000000000000000e+03 6.090206967454246667e-02
2.940000000000000000e+03 6.076667970792051093e-02
2.940859863281250000e+03 6.065049718063249273e-02
2.941000000000000000e+03 6.063274424926446554e-02
2.942000000000000000e+03 6.050539146541391439e-02
2.943000000000000000e+03 6.037833963048944153e-02
2.944000000000000000e+03 6.025051073590782791e-02
2.945000000000000000e+03 6.012297400900804695e-02
2.946000000000000000e+03 5.999466874062586025e-02
2.947000000000000000e+03 5.986665946362045715e-02
2.948000000000000000e+03 5.973787753082766133e-02
2.949000000000000000e+03 5.960938284749954519e-02
2.950000000000000000e+03 5.948012398730662120e-02
2.950862304687500000e+03 5.936890305730632700e-02
2.951000000000000000e+03 5.935065289961101442e-02
2.952000000000000000e+03 5.921744545471650106e-02
2.953000000000000000e+03 5.908451546511574864e-02
2.954000000000000000e+03 5.895082095002837641e-02
2.955000000000000000e+03 5.881740750610278679e-02
2.956000000000000000e+03 5.868322562548092952e-02
2.957000000000000000e+03 5.854931609185125979e-02
2.958000000000000000e+03 5.841465270181520064e-02
2.959000000000000000e+03 5.828025295534926958e-02
2.960000000000000000e+03 5.814509551498155127e-02
2.960864746093750000e+03 5.802799776015077349e-02
2.961000000000000000e+03 5.800596403425400949e-02
2.962000000000000000e+03 5.784341265080215899e-02
2.963000000000000000e+03 5.768006224748214311e-02
2.964000000000000000e+03 5.751693568303967857e-02
2.965000000000000000e+03 5.735301894542855355e-02
2.966000000000000000e+03 5.718932893816912333e-02
2.967000000000000000e+03 5.702484552577129218e-02
2.968000000000000000e+03 5.686007940177018050e-02
2.969000000000000000e+03 5.669552935006977323e-02
2.970000000000000000e+03 5.653020200787985117e-02
2.970867187500000000e+03 5.638697978465279093e-02
2.971000000000000000e+03 5.636047252753697417e-02
2.972000000000000000e+03 5.616020486582182225e-02
2.973000000000000000e+03 5.595961194206744427e-02
2.974000000000000000e+03 5.575917240882523329e-02
2.975000000000000000e+03 5.555790929040135134e-02
2.976000000000000000e+03 5.535631477504767556e-02
2.977000000000000000e+03 5.515487963582326597e-02
2.978000000000000000e+03 5.495262022912875827e-02
2.979000000000000000e+03 5.475051062843793587e-02
2.980000000000000000e+03 5.454758597868176323e-02
2.980869628906250000e+03 5.437082144057236305e-02
2.981000000000000000e+03 5.434192888884142175e-02
2.982000000000000000e+03 5.412057940104288839e-02
2.983000000000000000e+03 5.389839481619656397e-02
2.984000000000000000e+03 5.367585848932911879e-02
2.985000000000000000e+03 5.345342897838009644e-02
2.986000000000000000e+03 5.323017001281245275e-02
2.987000000000000000e+03 5.300655339425268398e-02
2.988000000000000000e+03 5.278304849230086582e-02
2.989000000000000000e+03 5.255871425770236582e-02
2.990000000000000000e+03 5.233402207697795960e-02
2.990872314453125000e+03 5.213810399555837000e-02
2.991000000000000000e+03 5.210819220608754049e-02
2.992000000000000000e+03 5.187326880378197863e-02
2.993000000000000000e+03 5.163796872860581394e-02
2.994000000000000000e+03 5.140274899272836984e-02
2.995000000000000000e+03 5.116670943017903594e-02
2.996000000000000000e+03 5.093029296730543221e-02
2.997000000000000000e+03 5.069350488132415983e-02
2.998000000000000000e+03 5.045678832370111000e-02
2.999000000000000000e+03 5.021925983423001366e-02
3.000000000000000000e+03 4.998135414269953142e-02
3.000874755859375000e+03 4.974459686946273301e-02
3.001000000000000000e+03 4.971039797224259538e-02
3.002000000000000000e+03 4.943776619948896112e-02
3.003000000000000000e+03 4.916466899899110676e-02
3.004000000000000000e+03 4.889154820356882841e-02
3.005000000000000000e+03 4.861883076310748869e-02
3.006000000000000000e+03 4.834566543918494136e-02
3.007000000000000000e+03 4.807247146645116792e-02
3.008000000000000000e+03 4.779925393709590076e-02
3.009000000000000000e+03 4.752601782802195335e-02
3.010000000000000000e+03 4.725316802043789954e-02
3.010877197265625000e+03 4.701341249569336578e-02
3.011000000000000000e+03 4.697650093798648452e-02
3.012000000000000000e+03 4.667591553606258159e-02
3.013000000000000000e+03 4.637529984042363523e-02
3.014000000000000000e+03 4.607506317486979169e-02
3.015000000000000000e+03 4.577439408197880866e-02
3.016000000000000000e+03 4.547370438737678017e-02
3.017000000000000000e+03 4.517298456794351103e-02
3.018000000000000000e+03 4.487223941688663759e-02
3.019000000000000000e+03 4.457186470470991119e-02
3.020000000000000000e+03 4.427106623055784840e-02
3.020879638671875000e+03 4.400641311122869409e-02
3.021000000000000000e+03 4.395820329030556556e-02
3.022000000000000000e+03 4.355764710304418919e-02
3.023000000000000000e+03 4.315705368531121827e-02
3.024000000000000000e+03 4.275642764257558265e-02
3.025000000000000000e+03 4.235614053014666314e-02
3.026000000000000000e+03 4.195545012645946620e-02
3.027000000000000000e+03 4.155472271692890046e-02
3.028000000000000000e+03 4.115396273873202920e-02
3.029000000000000000e+03 4.075317446076135580e-02
3.030000000000000000e+03 4.035234934537434287e-02
3.030882080078125000e+03 3.999887079314159988e-02
3.031000000000000000e+03 3.993037273065795645e-02
3.032000000000000000e+03 3.934911329939973224e-02
3.033000000000000000e+03 3.876781781936031873e-02
3.034000000000000000e+03 3.818647815225405945e-02
3.035000000000000000e+03 3.760509842155015936e-02
3.036000000000000000e+03 3.702368250716244619e-02
3.037000000000000000e+03 3.644222263614943502e-02
3.038000000000000000e+03 3.586072274931599579e-02
3.039000000000000000e+03 3.527949577701196271e-02
3.040000000000000000e+03 3.469791073176068524e-02
3.040884765625000000e+03 3.418328642266294654e-02
3.041000000000000000e+03 3.409653218937754027e-02
3.042000000000000000e+03 3.334365728795516542e-02
3.043000000000000000e+03 3.259072847817377078e-02
3.044000000000000000e+03 3.183774933817658942e-02
3.045000000000000000e+03 3.108471988857725715e-02
3.046000000000000000e+03 3.033164331387680837e-02
3.047000000000000000e+03 2.957851322820576404e-02
3.048000000000000000e+03 2.882533289479512553e-02
3.049000000000000000e+03 2.807210526200239545e-02
3.050000000000000000e+03 2.731882441628228492e-02
3.050887207031250000e+03 2.665045825582062003e-02
3.051000000000000000e+03 2.656162603248068271e-02
3.052000000000000000e+03 2.577425681088102438e-02
3.053000000000000000e+03 2.498660027880458476e-02
3.054000000000000000e+03 2.419889190000329079e-02
3.055000000000000000e+03 2.341113413688174563e-02
3.056000000000000000e+03 2.262332204708697794e-02
3.057000000000000000e+03 2.183545817529386479e-02
3.058000000000000000e+03 2.104754254308333072e-02
3.059000000000000000e+03 2.025957728384989928e-02
3.060000000000000000e+03 1.947155811331238370e-02
3.060889648437500000e+03 1.877044941831577246e-02
3.061000000000000000e+03 1.869812435864110986e-02
3.062000000000000000e+03 1.804269674149752353e-02
3.063000000000000000e+03 1.738722459429390202e-02
3.064000000000000000e+03 1.673170988382842450e-02
3.065000000000000000e+03 1.607615430327098346e-02
3.066000000000000000e+03 1.542055445175439035e-02
3.067000000000000000e+03 1.476491209085746201e-02
3.068000000000000000e+03 1.410922870856365363e-02
3.069000000000000000e+03 1.345350131441086332e-02
3.070000000000000000e+03 1.279773146478326365e-02
3.070892089843750000e+03 1.221268573842091906e-02
3.071000000000000000e+03 1.216304606134657046e-02
3.072000000000000000e+03 1.170301922528938811e-02
3.073000000000000000e+03 1.124296306596184007e-02
3.074000000000000000e+03 1.078287871906346597e-02
3.075000000000000000e+03 1.032276390302202737e-02
3.076000000000000000e+03 9.862619801522603050e-03
3.077000000000000000e+03 9.402365156546537220e-03
3.078000000000000000e+03 8.942166503792830026e-03
3.079000000000000000e+03 8.481938603243774008e-03
3.080000000000000000e+03 8.021682302760185443e-03
3.080894775390625000e+03 7.609826278537851728e-03
3.081000000000000000e+03 7.579062288356209695e-03
3.082000000000000000e+03 7.286687257535149481e-03
3.083000000000000000e+03 6.994294033598405166e-03
3.084000000000000000e+03 6.701883322232387967e-03
3.085000000000000000e+03 6.409453705608743161e-03
3.086000000000000000e+03 6.117005919894932808e-03
3.087000000000000000e+03 5.824540579352371211e-03
3.088000000000000000e+03 5.532056449016930881e-03
3.089000000000000000e+03 5.239554173627188581e-03
3.090000000000000000e+03 4.946991029947976799e-03
3.090897216796875000e+03 4.684520854424227727e-03
3.091000000000000000e+03 4.666366417645943787e-03
3.092000000000000000e+03 4.489732064265066977e-03
3.093000000000000000e+03 4.313087437754978271e-03
3.094000000000000000e+03 4.136431626960519400e-03
3.095000000000000000e+03 3.959765103916497442e-03
3.096000000000000000e+03 3.783088267043046519e-03
3.097000000000000000e+03 3.606400315610082830e-03
3.098000000000000000e+03 3.429671696901752040e-03
3.099000000000000000e+03 3.252964238832294335e-03
3.100000000000000000e+03 3.076245735858644872e-03
3.100899658203125000e+03 2.917249102149675668e-03
3.101000000000000000e+03 2.906556565218041451e-03
3.102000000000000000e+03 2.799992217107810308e-03
3.103000000000000000e+03 2.693421220374322619e-03
3.104000000000000000e+03 2.586821282700717869e-03
3.105000000000000000e+03 2.480238792224850018e-03
3.106000000000000000e+03 2.373649695133203414e-03
3.107000000000000000e+03 2.267054263362733649e-03
3.108000000000000000e+03 2.160452724463234834e-03
3.109000000000000000e+03 2.053844620996669867e-03
3.110000000000000000e+03 1.947213186641687721e-03
3.110902099609375000e+03 1.851031387762661117e-03
3.111000000000000000e+03 1.844734051548507434e-03
3.112000000000000000e+03 1.780407872350052130e-03
3.113000000000000000e+03 1.716077916778905709e-03
3.114000000000000000e+03 1.651744358282428594e-03
3.115000000000000000e+03 1.587392989393161770e-03
3.116000000000000000e+03 1.523052271016293825e-03
3.117000000000000000e+03 1.458707934886837709e-03
3.118000000000000000e+03 1.394359672874172576e-03
3.119000000000000000e+03 1.329996173684142762e-03
3.120000000000000000e+03 1.265640937422470328e-03
3.120904785156250000e+03 1.207409671030999646e-03
3.121000000000000000e+03 1.203582639573214184e-03
3.122000000000000000e+03 1.163387843289860136e-03
3.123000000000000000e+03 1.123190596319220171e-03
3.124000000000000000e+03 1.082981573844814553e-03
3.125000000000000000e+03 1.042780138557293122e-03
3.126000000000000000e+03 1.002576268416874262e-03
3.127000000000000000e+03 9.623700770364098473e-04
3.128000000000000000e+03 9.221536154530841044e-04
3.129000000000000000e+03 8.819431319563633123e-04
3.130000000000000000e+03 8.417303305078864192e-04
3.130907226562500000e+03 8.052396725223339574e-04
3.131000000000000000e+03 8.029265835520681344e-04
3.132000000000000000e+03 7.780000832562040600e-04
3.133000000000000000e+03 7.530721610860940376e-04
3.134000000000000000e+03 7.281428933334913641e-04
3.135000000000000000e+03 7.032059934916918414e-04
3.136000000000000000e+03 6.782740249694867423e-04
3.137000000000000000e+03 6.533407051260139769e-04
3.138000000000000000e+03 6.284004162773388670e-04
3.139000000000000000e+03 6.034644074888698573e-04
3.140000000000000000e+03 5.785270416422703737e-04
3.140909912109375000e+03 5.558305278301321371e-04
3.141000000000000000e+03 5.543094640596087823e-04
3.142000000000000000e+03 5.374296232664482927e-04
3.143000000000000000e+03 5.205487655868295182e-04
3.144000000000000000e+03 5.036625580163182556e-04
3.145000000000000000e+03 4.867799809555907464e-04
3.146000000000000000e+03 4.698963936547222381e-04
3.147000000000000000e+03 4.530079000437962824e-04
3.148000000000000000e+03 4.361225908397922354e-04
3.149000000000000000e+03 4.192362780417546817e-04
3.150000000000000000e+03 4.023455024516373415e-04
3.150912353515625000e+03 3.869375707369932687e-04
3.151000000000000000e+03 3.860329674707989691e-04
3.152000000000000000e+03 3.757115680314188121e-04
3.153000000000000000e+03 3.653864058701283466e-04
3.154000000000000000e+03 3.550639763770813162e-04
3.155000000000000000e+03 3.447409308980243104e-04
3.156000000000000000e+03 3.344144285591099663e-04
3.157000000000000000e+03 3.240903167971862712e-04
3.158000000000000000e+03 3.137628942478326664e-04
3.159000000000000000e+03 3.034377498604796876e-04
3.160000000000000000e+03 2.931119962574418110e-04
3.160914794921875000e+03 2.836631553222224481e-04
3.161000000000000000e+03 2.829969407377871883e-04
3.162000000000000000e+03 2.751802534939829978e-04
3.163000000000000000e+03 2.673607793527922778e-04
3.164000000000000000e+03 2.595432735283761559e-04
3.165000000000000000e+03 2.517253653997809145e-04
3.166000000000000000e+03 2.439048780653067176e-04
3.167000000000000000e+03 2.360861550612382525e-04
3.168000000000000000e+03 2.282650402443721360e-04
3.169000000000000000e+03 2.204455293078476819e-04
3.170000000000000000e+03 2.126237617405068536e-04
3.170917236328125000e+03 2.054506542025038890e-04
3.171000000000000000e+03 2.049360463509402480e-04
3.172000000000000000e+03 1.987163358336875867e-04
3.173000000000000000e+03 1.924980939861607721e-04
3.174000000000000000e+03 1.862794961301737242e-04
3.175000000000000000e+03 1.800589956253316123e-04
3.176000000000000000e+03 1.738397996872254969e-04
3.177000000000000000e+03 1.676187912100731738e-04
3.178000000000000000e+03 1.613989779107025992e-04
3.179000000000000000e+03 1.551774621216816283e-04
3.180000000000000000e+03 1.489570166999131711e-04
3.180919921875000000e+03 1.432332429356623254e-04
3.181000000000000000e+03 1.429981174267891603e-04
3.182000000000000000e+03 1.400630625907362545e-04
3.183000000000000000e+03 1.371266571751848502e-04
3.184000000000000000e+03 1.341913272163324563e-04
3.185000000000000000e+03 1.312546838375800416e-04
3.186000000000000000e+03 1.283190509674162979e-04
3.187000000000000000e+03 1.253821832278881299e-04
