3.752000000000000000e+03 2.505139637512147094e-05
3.753000000000000000e+03 2.562834271926554014e-05
3.754000000000000000e+03 2.620554582668413758e-05
3.755000000000000000e+03 2.678323905694018526e-05
3.756000000000000000e+03 2.736096860987442198e-05
3.757000000000000000e+03 2.793895484620759377e-05
3.758000000000000000e+03 2.851744622344427088e-05
3.759000000000000000e+03 2.909595632851375317e-05
3.760000000000000000e+03 2.967472893545173397e-05
3.761000000000000000e+03 3.025401418384638394e-05
3.761068603515625000e+03 3.029374715594044227e-05
3.762000000000000000e+03 3.094439641805807518e-05
3.763000000000000000e+03 3.164327611608643812e-05
3.764000000000000000e+03 3.234274469042494929e-05
3.765000000000000000e+03 3.304225408735684692e-05
3.766000000000000000e+03 3.374208037076422594e-05
3.767000000000000000e+03 3.444251000634998409e-05
3.768000000000000000e+03 3.514296950389458841e-05
3.769000000000000000e+03 3.584374272513350028e-05
3.770000000000000000e+03 3.654482600446097758e-05
3.771000000000000000e+03 3.724653175467727368e-05
3.771071044921875000e+03 3.729637420779336344e-05
3.772000000000000000e+03 3.888096393702920997e-05
3.773000000000000000e+03 4.058747545283918442e-05
3.774000000000000000e+03 4.229511733505951596e-05
3.775000000000000000e+03 4.400317586003701454e-05
3.776000000000000000e+03 4.571200531340152549e-05
3.777000000000000000e+03 4.742160150125093981e-05
3.778000000000000000e+03 4.913237765541298091e-05
3.779000000000000000e+03 5.084352196427582523e-05
3.780000000000000000e+03 5.255543328775319793e-05
3.781000000000000000e+03 5.426809748882190901e-05
3.781073730468750000e+03 5.439443788806126154e-05
3.782000000000000000e+03 5.584884423551583727e-05
3.783000000000000000e+03 5.741922788284291979e-05
3.784000000000000000e+03 5.899031930218836395e-05
3.785000000000000000e+03 6.056211291958424000e-05
3.786000000000000000e+03 6.213513117990003228e-05
3.787000000000000000e+03 6.370834265581184022e-05
3.788000000000000000e+03 6.528225658530812476e-05
3.789000000000000000e+03 6.685686628056613210e-05
3.790000000000000000e+03 6.843276737995844419e-05
3.791000000000000000e+03 7.000876220344071446e-05
3.791076416015625000e+03 7.012922282011365695e-05
3.792000000000000000e+03 7.158549980987099440e-05
3.793000000000000000e+03 7.316294167810349751e-05
3.794000000000000000e+03 7.474107746425832346e-05
3.795000000000000000e+03 7.632057141553353003e-05
3.796000000000000000e+03 7.790013125076901131e-05
3.797000000000000000e+03 7.948038477777946752e-05
3.798000000000000000e+03 8.106134801525536888e-05
3.799000000000000000e+03 8.264301315764299954e-05
3.800000000000000000e+03 8.422608809394914421e-05
3.801000000000000000e+03 8.584275271843026540e-05
3.801078857421875000e+03 8.597032014440922473e-05
3.802000000000000000e+03 8.901452997529062084e-05
3.803000000000000000e+03 9.232320413476119523e-05
3.804000000000000000e+03 9.563588283683404820e-05
3.805000000000000000e+03 9.895339813586620720e-05
3.806000000000000000e+03 1.022741155969342230e-04
3.807000000000000000e+03 1.055988394261454973e-04
3.808000000000000000e+03 1.089275591947669710e-04
3.809000000000000000e+03 1.122602972162817231e-04
3.810000000000000000e+03 1.155970433985800699e-04
3.811000000000000000e+03 1.189377098793897440e-04
3.811081542968750000e+03 1.192103779458556883e-04
3.812000000000000000e+03 1.235969162363108483e-04
3.813000000000000000e+03 1.283774078338740881e-04
3.814000000000000000e+03 1.331636401256824670e-04
3.815000000000000000e+03 1.379556404309489578e-04
3.816000000000000000e+03 1.427533821572526138e-04
3.817000000000000000e+03 1.475568945623038117e-04
3.818000000000000000e+03 1.523661645323251535e-04
3.819000000000000000e+03 1.571825131495126963e-04
3.820000000000000000e+03 1.620033412519682257e-04
3.821000000000000000e+03 1.668298507330480656e-04
3.821083984375000000e+03 1.672354627094093694e-04
3.822000000000000000e+03 1.729352251862999016e-04
3.823000000000000000e+03 1.791647172242113854e-04
3.824000000000000000e+03 1.854016561210584946e-04
3.825000000000000000e+03 1.916460235735900890e-04
3.826000000000000000e+03 1.978978588196711604e-04
3.827000000000000000e+03 2.041571441872734529e-04
3.828000000000000000e+03 2.104238594746227393e-04
3.829000000000000000e+03 2.166998893007213536e-04
3.830000000000000000e+03 2.229815617006137272e-04
3.831000000000000000e+03 2.292705491513472038e-04
3.831086669921875000e+03 2.298159658651642372e-04
3.832000000000000000e+03 2.378973511413127117e-04
3.833000000000000000e+03 2.467556619239123609e-04
3.834000000000000000e+03 2.556245266569979915e-04
3.835000000000000000e+03 2.645039228012665785e-04
3.836000000000000000e+03 2.733938242292454864e-04
3.837000000000000000e+03 2.822942868772744225e-04
3.838000000000000000e+03 2.912052855163168078e-04
3.839000000000000000e+03 3.001267913169295234e-04
3.840000000000000000e+03 3.090588656157906020e-04
3.841000000000000000e+03 3.180013274749142037e-04
3.841089355468750000e+03 3.188008951072500907e-04
3.842000000000000000e+03 3.305732741091406261e-04
3.843000000000000000e+03 3.435154514978425513e-04
3.844000000000000000e+03 3.564759642585857164e-04
3.845000000000000000e+03 3.694488308184523694e-04
3.846000000000000000e+03 3.824370450542272331e-04
3.847000000000000000e+03 3.954405731137584858e-04
3.848000000000000000e+03 4.084593758918678304e-04
3.849000000000000000e+03 4.214935368775719654e-04
3.850000000000000000e+03 4.345430182809730522e-04
3.851000000000000000e+03 4.476074224877423131e-04
3.851091796875000000e+03 4.488074648852045652e-04
3.852000000000000000e+03 4.661893020870411372e-04
3.853000000000000000e+03 4.853494616474260067e-04
3.854000000000000000e+03 5.045322031682483114e-04
3.855000000000000000e+03 5.237374827013427945e-04
3.856000000000000000e+03 5.429652485411429240e-04
3.857000000000000000e+03 5.622156117189075399e-04
3.858000000000000000e+03 5.814885224713965640e-04
3.859000000000000000e+03 6.007839232518066277e-04
3.860000000000000000e+03 6.201019367661534352e-04
3.861000000000000000e+03 6.394421036136155659e-04
3.861094482421875000e+03 6.412705684547932109e-04
3.862000000000000000e+03 6.675354011918591644e-04
3.863000000000000000e+03 6.965731561557566469e-04
3.864000000000000000e+03 7.256448843737916534e-04
3.865000000000000000e+03 7.547505143054045748e-04
3.866000000000000000e+03 7.838835449002019753e-04
3.867000000000000000e+03 8.130569709015413905e-04
3.868000000000000000e+03 8.422643037383971843e-04
3.869000000000000000e+03 8.715057154598618858e-04
3.870000000000000000e+03 9.007811286344140139e-04
3.871000000000000000e+03 9.300900159050147801e-04
3.871097167968750000e+03 9.329397211928826825e-04
3.872000000000000000e+03 9.739068003125713911e-04
3.873000000000000000e+03 1.019333305574188437e-03
3.874000000000000000e+03 1.064812593370619617e-03
3.875000000000000000e+03 1.110344881632058462e-03
3.876000000000000000e+03 1.155930074666805399e-03
3.877000000000000000e+03 1.201568058379033676e-03
3.878000000000000000e+03 1.247259078303737971e-03
3.879000000000000000e+03 1.293003024953094096e-03
3.880000000000000000e+03 1.338799770373802185e-03
3.881000000000000000e+03 1.384648701201776372e-03
3.881099609375000000e+03 1.389217406549944850e-03
3.882000000000000000e+03 1.450995498347245694e-03
3.883000000000000000e+03 1.519695233247109071e-03
3.884000000000000000e+03 1.588474638974702669e-03
3.885000000000000000e+03 1.657333579792803812e-03
3.886000000000000000e+03 1.726271892168874294e-03
3.887000000000000000e+03 1.795289928790942636e-03
3.888000000000000000e+03 1.864387533085766838e-03
3.889000000000000000e+03 1.933564520592606596e-03
3.890000000000000000e+03 2.002821285828639084e-03
3.891000000000000000e+03 2.072138118787595490e-03
3.891102294921875000e+03 2.079235098108178290e-03
3.892000000000000000e+03 2.173866438659733964e-03
3.893000000000000000e+03 2.279396118746424525e-03
3.894000000000000000e+03 2.385047420702526583e-03
3.895000000000000000e+03 2.490819889643419716e-03
3.896000000000000000e+03 2.596714034315317481e-03
3.897000000000000000e+03 2.702729630092167747e-03
3.898000000000000000e+03 2.808866409568121746e-03
3.899000000000000000e+03 2.915100215621347062e-03
3.900000000000000000e+03 3.021479349818819403e-03
3.901000000000000000e+03 3.127977027155838009e-03
3.901104980468750000e+03 3.139164206860198519e-03
3.902000000000000000e+03 3.290622518908398013e-03
3.903000000000000000e+03 3.460029863705408291e-03
3.904000000000000000e+03 3.629630958148172357e-03
3.905000000000000000e+03 3.799393216834671613e-03
3.906000000000000000e+03 3.969380428850072424e-03
3.907000000000000000e+03 4.139561465364971320e-03
3.908000000000000000e+03 4.309935916679816237e-03
3.909000000000000000e+03 4.480504661417453530e-03
3.910000000000000000e+03 4.651267307068287192e-03
3.911000000000000000e+03 4.822176464625920270e-03
3.911107421875000000e+03 4.840551645232032962e-03
3.912000000000000000e+03 5.090182984894693098e-03
3.913000000000000000e+03 5.370158538758170765e-03
3.914000000000000000e+03 5.650451704419019554e-03
3.915000000000000000e+03 5.931063635251862705e-03
3.916000000000000000e+03 6.211941152765869736e-03
3.917000000000000000e+03 6.493186612932147495e-03
3.918000000000000000e+03 6.774751042965106163e-03
3.919000000000000000e+03 7.056633856539078035e-03
3.920000000000000000e+03 7.338834353639525458e-03
3.921000000000000000e+03 7.621283318597744938e-03
3.921110107421875000e+03 7.652409334760051050e-03
3.922000000000000000e+03 8.068932515941946298e-03
3.923000000000000000e+03 8.537491986107367120e-03
3.924000000000000000e+03 9.006581744177450180e-03
3.925000000000000000e+03 9.476120702146144381e-03
3.926000000000000000e+03 9.946265623448540330e-03
3.927000000000000000e+03 1.041693916273618570e-02
3.928000000000000000e+03 1.088814344186656881e-02
3.929000000000000000e+03 1.135978122237614983e-02
3.930000000000000000e+03 1.183203997854855027e-02
3.931000000000000000e+03 1.230482010211419140e-02
3.931112792968750000e+03 1.235817958920839080e-02
3.932000000000000000e+03 1.301065713897812948e-02
3.933000000000000000e+03 1.374674784203745725e-02
3.934000000000000000e+03 1.448377672401464714e-02
3.935000000000000000e+03 1.522163228629802058e-02
3.936000000000000000e+03 1.596031302079491815e-02
3.937000000000000000e+03 1.669968063284089921e-02
3.938000000000000000e+03 1.744001050445171536e-02
3.939000000000000000e+03 1.818116562461846372e-02
3.940000000000000000e+03 1.892314968974122269e-02
3.941000000000000000e+03 1.966577276634911067e-02
3.941115478515625000e+03 1.975160147915541731e-02
3.942000000000000000e+03 2.080993832454780534e-02
3.943000000000000000e+03 2.200770260607518708e-02
3.944000000000000000e+03 2.320660832274992758e-02
3.945000000000000000e+03 2.440703669536797155e-02
3.946000000000000000e+03 2.560879879564897932e-02
3.947000000000000000e+03 2.681167263187639663e-02
3.948000000000000000e+03 2.801610010077024496e-02
3.949000000000000000e+03 2.922186140659617168e-02
3.950000000000000000e+03 3.042896248462233569e-02
3.951000000000000000e+03 3.163709280972402949e-02
3.951117919921875000e+03 3.177967340738459268e-02
3.952000000000000000e+03 3.342497754317003827e-02
3.953000000000000000e+03 3.529218104736278616e-02
3.954000000000000000e+03 3.716113728520732684e-02
3.955000000000000000e+03 3.903246034985148605e-02
3.956000000000000000e+03 4.090584734001001532e-02
3.957000000000000000e+03 4.278094412334586261e-02
3.958000000000000000e+03 4.465845598470974398e-02
3.959000000000000000e+03 4.653803191582297355e-02
3.960000000000000000e+03 4.841927117936387082e-02
3.961000000000000000e+03 5.030291822404842073e-02
3.961120605468750000e+03 5.053018429328638705e-02
3.962000000000000000e+03 5.285242100001120297e-02
3.963000000000000000e+03 5.549629502744109211e-02
3.964000000000000000e+03 5.814307917549116356e-02
3.965000000000000000e+03 6.079225351003710726e-02
3.966000000000000000e+03 6.344481938521115416e-02
3.967000000000000000e+03 6.610029715553207563e-02
3.968000000000000000e+03 6.875809865176382707e-02
3.969000000000000000e+03 7.141935922348688348e-02
3.970000000000000000e+03 7.408353346722867938e-02
3.971000000000000000e+03 7.674985605855143278e-02
3.971123291015625000e+03 7.707886687347784149e-02
3.972000000000000000e+03 7.989820204055081421e-02
3.973000000000000000e+03 8.311660840380437343e-02
3.974000000000000000e+03 8.633919371160418688e-02
3.975000000000000000e+03 8.956528168777938559e-02
3.976000000000000000e+03 9.279407755154228665e-02
3.977000000000000000e+03 9.602714434377310204e-02
3.978000000000000000e+03 9.926287438074894720e-02
3.979000000000000000e+03 1.025029114185875556e-01
3.980000000000000000e+03 1.057464630125383720e-01
3.981000000000000000e+03 1.089924597135148165e-01
3.981125732421875000e+03 1.094009454229730033e-01
3.982000000000000000e+03 1.121803895497556769e-01
3.983000000000000000e+03 1.153617968764180240e-01
3.984000000000000000e+03 1.185475737096516602e-01
3.985000000000000000e+03 1.217357398595196732e-01
3.986000000000000000e+03 1.249283175000386464e-01
3.987000000000000000e+03 1.281243281344895957e-01
3.988000000000000000e+03 1.313226480635389104e-01
3.989000000000000000e+03 1.345254606007607601e-01
3.990000000000000000e+03 1.377305421728489132e-01
3.991000000000000000e+03 1.409399852847224299e-01
3.991128417968750000e+03 1.413522290924675295e-01
3.992000000000000000e+03 1.435624899446817926e-01
3.993000000000000000e+03 1.461020973054774075e-01
3.994000000000000000e+03 1.486431402776004496e-01
3.995000000000000000e+03 1.511880997070800259e-01
3.996000000000000000e+03 1.537344222770343494e-01
3.997000000000000000e+03 1.562847200716594165e-01
3.998000000000000000e+03 1.588376983475353610e-01
3.999000000000000000e+03 1.613919913378316917e-01
4.000000000000000000e+03 1.639502932681426717e-01
4.001000000000000000e+03 1.664478835624943198e-01
4.001131103515625000e+03 1.667755703150858859e-01
4.002000000000000000e+03 1.681158047649862486e-01
4.003000000000000000e+03 1.696572865733543267e-01
4.004000000000000000e+03 1.712007207624271499e-01
4.005000000000000000e+03 1.727432056372807390e-01
4.006000000000000000e+03 1.742876520768397997e-01
4.007000000000000000e+03 1.758311054921147254e-01
4.008000000000000000e+03 1.773765641687050643e-01
4.009000000000000000e+03 1.789210215249144587e-01
4.010000000000000000e+03 1.804674745552219406e-01
4.011000000000000000e+03 1.820126608292664816e-01
4.011133544921875000e+03 1.822192550402173539e-01
4.012000000000000000e+03 1.828916234902825122e-01
4.013000000000000000e+03 1.836663025661491033e-01
4.014000000000000000e+03 1.844427613978695257e-01
4.015000000000000000e+03 1.852179223167043642e-01
4.016000000000000000e+03 1.859933209508634888e-01
4.017000000000000000e+03 1.867705187507827103e-01
4.018000000000000000e+03 1.875463993143766384e-01
4.019000000000000000e+03 1.883241109612772968e-01
4.020000000000000000e+03 1.891004735909859735e-01
4.021000000000000000e+03 1.898783928163617352e-01
4.021136230468750000e+03 1.899841719961943287e-01
4.022000000000000000e+03 1.903025897044679504e-01
4.023000000000000000e+03 1.906729402651265171e-01
4.024000000000000000e+03 1.910417883312329757e-01
4.025000000000000000e+03 1.914123438531183108e-01
4.026000000000000000e+03 1.917814099467858024e-01
4.027000000000000000e+03 1.921505835342781077e-01
4.028000000000000000e+03 1.925214737705086554e-01
4.029000000000000000e+03 1.928908654221702934e-01
4.030000000000000000e+03 1.932619993165388961e-01
4.031000000000000000e+03 1.936435242264385181e-01
4.031138916015625000e+03 1.936967611824951807e-01
4.032000000000000000e+03 1.937400598300951238e-01
4.033000000000000000e+03 1.937887324046572157e-01
4.034000000000000000e+03 1.938374131058926420e-01
4.035000000000000000e+03 1.938877222710025106e-01
4.036000000000000000e+03 1.939364196078767200e-01
4.037000000000000000e+03 1.939867657009379243e-01
4.038000000000000000e+03 1.940354796818991590e-01
4.039000000000000000e+03 1.940841822537915928e-01
4.040000000000000000e+03 1.941345542733893259e-01
4.041000000000000000e+03 1.941830822338491136e-01
4.041141601562500000e+03 1.941901870591568879e-01
4.042000000000000000e+03 1.941433852631119505e-01
4.043000000000000000e+03 1.940871665004382240e-01
4.044000000000000000e+03 1.940309298472317201e-01
4.045000000000000000e+03 1.939762960257212787e-01
4.046000000000000000e+03 1.939199644534227718e-01
4.047000000000000000e+03 1.938636149494013250e-01
4.048000000000000000e+03 1.938088667412287414e-01
4.049000000000000000e+03 1.937524417918620734e-01
4.050000000000000000e+03 1.936975976157891965e-01
4.051000000000000000e+03 1.936408218267658965e-01
4.051144042968750000e+03 1.936326405986210919e-01
4.052000000000000000e+03 1.935947948277493003e-01
4.053000000000000000e+03 1.935521870849171988e-01
4.054000000000000000e+03 1.935078911337694829e-01
4.055000000000000000e+03 1.934635827533530139e-01
4.056000000000000000e+03 1.934208776751620285e-01
4.057000000000000000e+03 1.933765050514145434e-01
4.058000000000000000e+03 1.933320810400842582e-01
4.059000000000000000e+03 1.932892785642323086e-01
4.060000000000000000e+03 1.932448097314062585e-01
4.061000000000000000e+03 1.932000473634208626e-01
4.061146728515625000e+03 1.931937192516876567e-01
4.062000000000000000e+03 1.933091014891313020e-01
4.063000000000000000e+03 1.934427329678568008e-01
4.064000000000000000e+03 1.935764089799235088e-01
4.065000000000000000e+03 1.937117474283007179e-01
4.066000000000000000e+03 1.938455136195998130e-01
4.067000000000000000e+03 1.939793243672702783e-01
4.068000000000000000e+03 1.941148203769781366e-01
4.069000000000000000e+03 1.942487018188341352e-01
4.070000000000000000e+03 1.943826473722194970e-01
4.071000000000000000e+03 1.945164228843274390e-01
4.071149414062500000e+03 1.945366602944513246e-01
4.072000000000000000e+03 1.947768256202191961e-01
4.073000000000000000e+03 1.950576134677346474e-01
4.074000000000000000e+03 1.953385277519315566e-01
4.075000000000000000e+03 1.956212021014105962e-01
4.076000000000000000e+03 1.959023324685689460e-01
4.077000000000000000e+03 1.961835499952618578e-01
4.078000000000000000e+03 1.964648941461595022e-01
4.079000000000000000e+03 1.967480078345417438e-01
4.080000000000000000e+03 1.970295484023868726e-01
4.081000000000000000e+03 1.973110312785442966e-01
4.081151855468750000e+03 1.973537853040976120e-01
4.082000000000000000e+03 1.975778091766179079e-01
4.083000000000000000e+03 1.978437065652146609e-01
4.084000000000000000e+03 1.981080136127126579e-01
4.085000000000000000e+03 1.983724396969678005e-01
4.086000000000000000e+03 1.986369649335379961e-01
4.087000000000000000e+03 1.989032699007035887e-01
4.088000000000000000e+03 1.991679756687271263e-01
4.089000000000000000e+03 1.994328006480267923e-01
4.090000000000000000e+03 1.996977248491011159e-01
4.091000000000000000e+03 1.999642489252308752e-01
4.091154541015625000e+03 2.000051827887399380e-01
4.092000000000000000e+03 2.001890749713528539e-01
4.093000000000000000e+03 2.004066735582649417e-01
4.094000000000000000e+03 2.006243509787089541e-01
4.095000000000000000e+03 2.008438039453357693e-01
4.096000000000000000e+03 2.010616206642508175e-01
4.097000000000000000e+03 2.012795364563150780e-01
4.098000000000000000e+03 2.014975311361365540e-01
4.099000000000000000e+03 2.017156047171251576e-01
4.100000000000000000e+03 2.019354426690715132e-01
4.101000000000000000e+03 2.021534548753143867e-01
4.101157226562500000e+03 2.021877393238444842e-01
4.102000000000000000e+03 2.022871090973199781e-01
4.103000000000000000e+03 2.024050508418410166e-01
4.104000000000000000e+03 2.025230087957352876e-01
4.105000000000000000e+03 2.026427352609359023e-01
4.106000000000000000e+03 2.027607877010378368e-01
4.107000000000000000e+03 2.028788767327683873e-01
4.108000000000000000e+03 2.029969819514589879e-01
4.109000000000000000e+03 2.031151441724816376e-01
4.110000000000000000e+03 2.032333430027011278e-01
4.111000000000000000e+03 2.033530393691833915e-01
4.111159667968750000e+03 2.033718770861499547e-01
4.112000000000000000e+03 2.035054991893737175e-01
4.113000000000000000e+03 2.036645798345583791e-01
4.114000000000000000e+03 2.038237138685140559e-01
4.115000000000000000e+03 2.039829012999198332e-01
4.116000000000000000e+03 2.041421216147344952e-01
4.117000000000000000e+03 2.043031410761052546e-01
4.118000000000000000e+03 2.044624900527273748e-01
4.119000000000000000e+03 2.046218924619269131e-01
4.120000000000000000e+03 2.047813277269676380e-01
4.121000000000000000e+03 2.049406130464097586e-01
4.121162597656250000e+03 2.049665174864806760e-01
4.122000000000000000e+03 2.051337968704286807e-01
4.123000000000000000e+03 2.053336208824336484e-01
4.124000000000000000e+03 2.055352294723988005e-01
4.125000000000000000e+03 2.057351947912470502e-01
4.126000000000000000e+03 2.059352299614592430e-01
4.127000000000000000e+03 2.061353349944122226e-01
4.128000000000000000e+03 2.063355099014838878e-01
4.129000000000000000e+03 2.065357339355995414e-01
4.130000000000000000e+03 2.067360486052633173e-01
4.131000000000000000e+03 2.069362399323260715e-01
4.131165039062500000e+03 2.069692860076436380e-01
4.132000000000000000e+03 2.071427998795720427e-01
4.133000000000000000e+03 2.073524069452087615e-01
4.134000000000000000e+03 2.075603587567636243e-01
4.135000000000000000e+03 2.077683832543044673e-01
4.136000000000000000e+03 2.079764804495634611e-01
4.137000000000000000e+03 2.081846294330921276e-01
4.138000000000000000e+03 2.083928720384145561e-01
4.139000000000000000e+03 2.086011873766510372e-01
4.140000000000000000e+03 2.088095754595375442e-01
4.141000000000000000e+03 2.090178825866465528e-01
4.141167480468750000e+03 2.090527805646144877e-01
4.142000000000000000e+03 2.092046420941529872e-01
4.143000000000000000e+03 2.093871107716015478e-01
4.144000000000000000e+03 2.095696413461493324e-01
4.145000000000000000e+03 2.097539831249451425e-01
4.146000000000000000e+03 2.099366390169598584e-01
4.147000000000000000e+03 2.101193568360580632e-01
4.148000000000000000e+03 2.103021365920807462e-01
4.149000000000000000e+03 2.104849782948697012e-01
4.150000000000000000e+03 2.106678607883552823e-01
4.151000000000000000e+03 2.108506610531216963e-01
4.151170410156250000e+03 2.108818182270616182e-01
4.152000000000000000e+03 2.109665725785334622e-01
4.153000000000000000e+03 2.110687631352503035e-01
4.154000000000000000e+03 2.111709613337521552e-01
4.155000000000000000e+03 2.112732095984585501e-01
4.156000000000000000e+03 2.113754867285281835e-01
4.157000000000000000e+03 2.114777927282378289e-01
4.158000000000000000e+03 2.115801063471634547e-01
4.159000000000000000e+03 2.116824700890590494e-01
4.160000000000000000e+03 2.117848627134231998e-01
4.161000000000000000e+03 2.118871536950965584e-01
4.161172851562500000e+03 2.119048377671624295e-01
4.162000000000000000e+03 2.120401890443945336e-01
4.163000000000000000e+03 2.122038527465489322e-01
4.164000000000000000e+03 2.123675913903695922e-01
4.165000000000000000e+03 2.125313836846915438e-01
4.166000000000000000e+03 2.126952296378313845e-01
4.167000000000000000e+03 2.128591078781647827e-01
4.168000000000000000e+03 2.130230611577865474e-01
4.169000000000000000e+03 2.131870681211754659e-01
4.170000000000000000e+03 2.133511287766509390e-01
4.171000000000000000e+03 2.135150184432972886e-01
4.171175292968750000e+03 2.135437564065313931e-01
4.172000000000000000e+03 2.136530793818639251e-01
4.173000000000000000e+03 2.137856763291506035e-01
4.174000000000000000e+03 2.139183140297141739e-01
4.175000000000000000e+03 2.140509924896823735e-01
4.176000000000000000e+03 2.141836902054607417e-01
4.177000000000000000e+03 2.143164501896543950e-01
4.178000000000000000e+03 2.144492509516353895e-01
4.179000000000000000e+03 2.145820924975336830e-01
4.180000000000000000e+03 2.147149532718563014e-01
4.181000000000000000e+03 2.148476759176029816e-01
4.181178222656250000e+03 2.148713343584352786e-01
4.182000000000000000e+03 2.149870960089450556e-01
4.183000000000000000e+03 2.151280033345186748e-01
4.184000000000000000e+03 2.152689544807167010e-01
4.185000000000000000e+03 2.154099278244996363e-01
4.186000000000000000e+03 2.155509666178005157e-01
4.187000000000000000e+03 2.156902300476449263e-01
4.188000000000000000e+03 2.158313553684508002e-01
4.189000000000000000e+03 2.159725245423018136e-01
4.190000000000000000e+03 2.161137158771373190e-01
4.191000000000000000e+03 2.162548032861092429e-01
4.191180664062500000e+03 2.162802973663844608e-01
4.192000000000000000e+03 2.163015077262605834e-01
4.193000000000000000e+03 2.163273928716224759e-01
4.194000000000000000e+03 2.163532539738106664e-01
4.195000000000000000e+03 2.163791344721539556e-01
4.196000000000000000e+03 2.164050126468443913e-01
4.197000000000000000e+03 2.164308884970422009e-01
4.198000000000000000e+03 2.164567402917811911e-01
4.199000000000000000e+03 2.164807859702823356e-01
4.200000000000000000e+03 2.165066546523800872e-01
4.201000000000000000e+03 2.165323513347690576e-01
4.201183593750000000e+03 2.165370688281524347e-01
4.202000000000000000e+03 2.164806432553137150e-01
4.203000000000000000e+03 2.164114706165312929e-01
4.204000000000000000e+03 2.163422796922388480e-01
4.205000000000000000e+03 2.162730487444455285e-01
4.206000000000000000e+03 2.162037777664031213e-01
4.207000000000000000e+03 2.161344667513628026e-01
4.208000000000000000e+03 2.160632722688357876e-01
4.209000000000000000e+03 2.159938817826566604e-01
4.210000000000000000e+03 2.159244512395508131e-01
4.211000000000000000e+03 2.158548135261681156e-01
4.211186035156250000e+03 2.158418500249015270e-01
4.212000000000000000e+03 2.158202650927642519e-01
4.213000000000000000e+03 2.157937477243936086e-01
4.214000000000000000e+03 2.157672074506463145e-01
4.215000000000000000e+03 2.157388254658567373e-01
4.216000000000000000e+03 2.157122396241189233e-01
4.217000000000000000e+03 2.156856092188227658e-01
4.218000000000000000e+03 2.156589775416576371e-01
4.219000000000000000e+03 2.156323229392440310e-01
4.220000000000000000e+03 2.156056454075692685e-01
4.221000000000000000e+03 2.155788424059306985e-01
4.221188476562500000e+03 2.155734415216145061e-01
4.222000000000000000e+03 2.156316545417830688e-01
4.223000000000000000e+03 2.157052414668916285e-01
4.224000000000000000e+03 2.157788450198322439e-01
4.225000000000000000e+03 2.158524652027278001e-01
4.226000000000000000e+03 2.159261020177015156e-01
4.227000000000000000e+03 2.159979131437071154e-01
4.228000000000000000e+03 2.160715826319219990e-01
4.229000000000000000e+03 2.161452687584635157e-01
4.230000000000000000e+03 2.162189715254555500e-01
4.231000000000000000e+03 2.162842595871361240e-01
4.231191406250000000e+03 2.162964043371082834e-01
4.232000000000000000e+03 2.164775807307893207e-01
4.233000000000000000e+03 2.167035451778664412e-01
4.234000000000000000e+03 2.169295717168405191e-01
4.235000000000000000e+03 2.171556603518910722e-01
4.236000000000000000e+03 2.173817892770625038e-01
4.237000000000000000e+03 2.176061681675765525e-01
4.238000000000000000e+03 2.178324412175724478e-01
4.239000000000000000e+03 2.180587763798954859e-01
4.240000000000000000e+03 2.182851736587246017e-01
4.241000000000000000e+03 2.185114420297223636e-01
4.241193847656250000e+03 2.185549579887698657e-01
4.242000000000000000e+03 2.187389440584416034e-01
4.243000000000000000e+03 2.189690701197073985e-01
4.244000000000000000e+03 2.191992591308583871e-01
4.245000000000000000e+03 2.194295110960185202e-01
4.246000000000000000e+03 2.196579750497353045e-01
4.247000000000000000e+03 2.198883289671345331e-01
4.248000000000000000e+03 2.201187678857937646e-01
4.249000000000000000e+03 2.203492697744845186e-01
4.250000000000000000e+03 2.205779760247207899e-01
4.251000000000000000e+03 2.208084990216157284e-01
4.251196289062500000e+03 2.208537511855796220e-01
4.252000000000000000e+03 2.209804298171588466e-01
4.253000000000000000e+03 2.211381051914336759e-01
4.254000000000000000e+03 2.212939560226675761e-01
4.255000000000000000e+03 2.214517100871347954e-01
4.256000000000000000e+03 2.216094819213008937e-01
4.257000000000000000e+03 2.217673159677452654e-01
4.258000000000000000e+03 2.219233202882593958e-01
4.259000000000000000e+03 2.220812330433198090e-01
4.260000000000000000e+03 2.222391858056327885e-01
4.261000000000000000e+03 2.223951660442440581e-01
4.261199218750000000e+03 2.224266135469804007e-01
4.262000000000000000e+03 2.225000703932216162e-01
4.263000000000000000e+03 2.225918415275910667e-01
4.264000000000000000e+03 2.226836319323628466e-01
4.265000000000000000e+03 2.227735649063695422e-01
4.266000000000000000e+03 2.228653931133453281e-01
4.267000000000000000e+03 2.229572182345762044e-01
4.268000000000000000e+03 2.230472060525115485e-01
4.269000000000000000e+03 2.231390913324851621e-01
4.270000000000000000e+03 2.232309958892874924e-01
4.271000000000000000e+03 2.233209324015572594e-01
4.271201660156250000e+03 2.233394460261597381e-01
4.272000000000000000e+03 2.234051976256277161e-01
4.273000000000000000e+03 2.234875950640433928e-01
4.274000000000000000e+03 2.235681256140811257e-01
4.275000000000000000e+03 2.236505549306318785e-01
4.276000000000000000e+03 2.237330005187842530e-01
4.277000000000000000e+03 2.238135772330653306e-01
4.278000000000000000e+03 2.238960322540965442e-01
4.279000000000000000e+03 2.239785259915454962e-01
4.280000000000000000e+03 2.240591488685957922e-01
4.281000000000000000e+03 2.241415345193668585e-01
4.281204589843750000e+03 2.241583871817847684e-01
4.282000000000000000e+03 2.243048829543100031e-01
4.283000000000000000e+03 2.244872338100661058e-01
4.284000000000000000e+03 2.246715213201522232e-01
4.285000000000000000e+03 2.248558563456566073e-01
4.286000000000000000e+03 2.250383436660829684e-01
4.287000000000000000e+03 2.252227722096378226e-01
4.288000000000000000e+03 2.254072256783364869e-01
4.289000000000000000e+03 2.255898494655254050e-01
4.290000000000000000e+03 2.257744190477762591e-01
4.291000000000000000e+03 2.259569564301485978e-01
4.291207031250000000e+03 2.259951469066335539e-01
4.292000000000000000e+03 2.261767015604941866e-01
4.293000000000000000e+03 2.264056890392276977e-01
4.294000000000000000e+03 2.266328516045748032e-01
4.295000000000000000e+03 2.268619815750906876e-01
4.296000000000000000e+03 2.270911724078066851e-01
4.297000000000000000e+03 2.273185099696666822e-01
4.298000000000000000e+03 2.275478206387633318e-01
4.299000000000000000e+03 2.277752514133496442e-01
4.300000000000000000e+03 2.280046819085821685e-01
4.301000000000000000e+03 2.282340669322741322e-01
4.301209472656250000e+03 2.282817218739502108e-01
4.302000000000000000e+03 2.284720939589836297e-01
4.303000000000000000e+03 2.287148906045037566e-01
4.304000000000000000e+03 2.289558012801801712e-01
4.305000000000000000e+03 2.291987253420772752e-01
4.306000000000000000e+03 2.294417141356378531e-01
4.307000000000000000e+03 2.296828338793086843e-01
4.308000000000000000e+03 2.299259501330001565e-01
4.309000000000000000e+03 2.301671933146636484e-01
4.310000000000000000e+03 2.304104139481590319e-01
4.311000000000000000e+03 2.306516709351485173e-01
4.311212402343750000e+03 2.307033348166747377e-01
4.312000000000000000e+03 2.307991568259853410e-01
4.313000000000000000e+03 2.309208451855279953e-01
4.314000000000000000e+03 2.310406161497023658e-01
4.315000000000000000e+03 2.311623356348010971e-01
4.316000000000000000e+03 2.312821588980077947e-01
4.317000000000000000e+03 2.314039558359710924e-01
4.318000000000000000e+03 2.315238314143188980e-01
4.319000000000000000e+03 2.316456826550409576e-01
4.320000000000000000e+03 2.317656105528291544e-01
4.321000000000000000e+03 2.318874950242694188e-01
4.321214843750000000e+03 2.319132703222141489e-01
4.322000000000000000e+03 2.319370512161789410e-01
4.323000000000000000e+03 2.319692919457259639e-01
4.324000000000000000e+03 2.320015331526839863e-01
4.325000000000000000e+03 2.320318217345416767e-01
4.326000000000000000e+03 2.320640636575156956e-01
4.327000000000000000e+03 2.320943292212841735e-01
4.328000000000000000e+03 2.321265718570555969e-01
4.329000000000000000e+03 2.321568609133281280e-01
4.330000000000000000e+03 2.321891042643566272e-01
4.331000000000000000e+03 2.322193199909735328e-01
4.331217773437500000e+03 2.322263207604187418e-01
4.332000000000000000e+03 2.322304121673270383e-01
4.333000000000000000e+03 2.322337044569709186e-01
4.334000000000000000e+03 2.322389436668493012e-01
4.335000000000000000e+03 2.322422205759405167e-01
4.336000000000000000e+03 2.322474444266587335e-01
4.337000000000000000e+03 2.322507059534667517e-01
4.338000000000000000e+03 2.322558911732721665e-01
4.339000000000000000e+03 2.322591373159371142e-01
4.340000000000000000e+03 2.322643304422350452e-01
4.341000000000000000e+03 2.322674876202781014e-01
4.341220214843750000e+03 2.322686122958595722e-01
4.342000000000000000e+03 2.323197937630975818e-01
4.343000000000000000e+03 2.323834828711164591e-01
4.344000000000000000e+03 2.324471814835674111e-01
4.345000000000000000e+03 2.325128229650326450e-01
4.346000000000000000e+03 2.325765411006611438e-01
4.347000000000000000e+03 2.326422264389720607e-01
4.348000000000000000e+03 2.327059641052693362e-01
4.349000000000000000e+03 2.327716700146564011e-01
4.350000000000000000e+03 2.328354272129275204e-01
4.351000000000000000e+03 2.329009871526648290e-01
4.351222656250000000e+03 2.329151547190109472e-01
4.352000000000000000e+03 2.330167971631631474e-01
4.353000000000000000e+03 2.331495403309422898e-01
4.354000000000000000e+03 2.332803511682384479e-01
4.355000000000000000e+03 2.334131543967723765e-01
4.356000000000000000e+03 2.335439997349686159e-01
4.357000000000000000e+03 2.336748968604970556e-01
4.358000000000000000e+03 2.338077896346662521e-01
4.359000000000000000e+03 2.339387446612113119e-01
4.360000000000000000e+03 2.340716975091776675e-01
4.361000000000000000e+03 2.342025249797841657e-01
4.361225585937500000e+03 2.342324809953232057e-01
4.362000000000000000e+03 2.343177265082102556e-01
4.363000000000000000e+03 2.344258760264716079e-01
4.364000000000000000e+03 2.345340473708664719e-01
4.365000000000000000e+03 2.346442146549427010e-01
4.366000000000000000e+03 2.347524305472805384e-01
4.367000000000000000e+03 2.348626441685244259e-01
4.368000000000000000e+03 2.349709046119432265e-01
4.369000000000000000e+03 2.350791633409927417e-01
4.370000000000000000e+03 2.351894460172360424e-01
4.371000000000000000e+03 2.352976632343405650e-01
4.371228027343750000e+03 2.353227941830249026e-01
4.372000000000000000e+03 2.353356791672154558e-01
4.373000000000000000e+03 2.353503865664376415e-01
4.374000000000000000e+03 2.353650895583234981e-01
4.375000000000000000e+03 2.353817446553211346e-01
4.376000000000000000e+03 2.353964389375694244e-01
4.377000000000000000e+03 2.354111288117970158e-01
4.378000000000000000e+03 2.354277946836382251e-01
4.379000000000000000e+03 2.354424758480157254e-01
4.380000000000000000e+03 2.354591332231728007e-01
4.381000000000000000e+03 2.354737705793686076e-01
4.381230468750000000e+03 2.354771379722525038e-01
4.382000000000000000e+03 2.354031720455361520e-01
4.383000000000000000e+03 2.353090255353865179e-01
4.384000000000000000e+03 2.352128636194097955e-01
4.385000000000000000e+03 2.351166664121000505e-01
4.386000000000000000e+03 2.350224107253736650e-01
4.387000000000000000e+03 2.349261421056078603e-01
4.388000000000000000e+03 2.348298146769774997e-01
4.389000000000000000e+03 2.347354498089599395e-01
4.390000000000000000e+03 2.346390744832417552e-01
4.391000000000000000e+03 2.345425873894753099e-01
4.391233398437500000e+03 2.345205227555672844e-01
4.392000000000000000e+03 2.344031375500164049e-01
4.393000000000000000e+03 2.342479954242660534e-01
4.394000000000000000e+03 2.340928017851524601e-01
4.395000000000000000e+03 2.339395007147229977e-01
4.396000000000000000e+03 2.337842027372230014e-01
4.397000000000000000e+03 2.336288532411902596e-01
4.398000000000000000e+03 2.334754157622078996e-01
4.399000000000000000e+03 2.333199619004728553e-01
4.400000000000000000e+03 2.331644565150327586e-01
4.401000000000000000e+03 2.330108380109692789e-01
4.401235839843750000e+03 2.329741441871984176e-01
4.402000000000000000e+03 2.329415569389976237e-01
4.403000000000000000e+03 2.328988946136326121e-01
4.404000000000000000e+03 2.328581703241713596e-01
4.405000000000000000e+03 2.328154672652515689e-01
4.406000000000000000e+03 2.327727440261748160e-01
4.407000000000000000e+03 2.327319576936176526e-01
4.408000000000000000e+03 2.326891704219739010e-01
4.409000000000000000e+03 2.326463862666642568e-01
4.410000000000000000e+03 2.326035819283612804e-01
4.411000000000000000e+03 2.325627129885020627e-01
4.411238769531250000e+03 2.325524847224926250e-01
4.412000000000000000e+03 2.325895655525336558e-01
4.413000000000000000e+03 2.326382818281086673e-01
4.414000000000000000e+03 2.326889365852018721e-01
4.415000000000000000e+03 2.327376636418919675e-01
4.416000000000000000e+03 2.327863958949941692e-01
4.417000000000000000e+03 2.328351333445825566e-01
4.418000000000000000e+03 2.328858341419150491e-01
4.419000000000000000e+03 2.329345823781164282e-01
4.420000000000000000e+03 2.329833358110639241e-01
4.421000000000000000e+03 2.330319837416357787e-01
4.421241210937500000e+03 2.330441859339067723e-01
4.422000000000000000e+03 2.332080509101102928e-01
4.423000000000000000e+03 2.334221153696123263e-01
4.424000000000000000e+03 2.336362306114309340e-01
4.425000000000000000e+03 2.338503966369070708e-01
4.426000000000000000e+03 2.340665813612576862e-01
4.427000000000000000e+03 2.342808507429814113e-01
4.428000000000000000e+03 2.344951709127828521e-01
4.429000000000000000e+03 2.347095183806955643e-01
4.430000000000000000e+03 2.349259151653034505e-01
4.431000000000000000e+03 2.351492888281450089e-01
4.431244140625000000e+03 2.352038336138939090e-01
4.432000000000000000e+03 2.354507113818244124e-01
4.433000000000000000e+03 2.357774208228875790e-01
4.434000000000000000e+03 2.361042336907268058e-01
4.435000000000000000e+03 2.364331376240878801e-01
4.436000000000000000e+03 2.367601364182156942e-01
4.437000000000000000e+03 2.370872623372001498e-01
4.438000000000000000e+03 2.374144917304949198e-01
4.439000000000000000e+03 2.377418246097812993e-01
4.440000000000000000e+03 2.380712622843155768e-01
4.441000000000000000e+03 2.383986938840956804e-01
4.441246582031250000e+03 2.384794484963060901e-01
4.442000000000000000e+03 2.386928409173357524e-01
4.443000000000000000e+03 2.389761502757730138e-01
4.444000000000000000e+03 2.392595234182536279e-01
4.445000000000000000e+03 2.395450217976158036e-01
4.446000000000000000e+03 2.398285967052963819e-01
4.447000000000000000e+03 2.401122593700829033e-01
4.448000000000000000e+03 2.403960098017394187e-01
4.449000000000000000e+03 2.406798480100298676e-01
4.450000000000000000e+03 2.409657753183057083e-01
4.451000000000000000e+03 2.412497532524800481e-01
4.451249023437500000e+03 2.413204840549851571e-01
4.452000000000000000e+03 2.415176036475873700e-01
4.453000000000000000e+03 2.417801581944832301e-01
4.454000000000000000e+03 2.420427929332408801e-01
4.455000000000000000e+03 2.423055078727236467e-01
4.456000000000000000e+03 2.425703418147384383e-01
4.457000000000000000e+03 2.428332193745821044e-01
4.458000000000000000e+03 2.430961528388296267e-01
4.459000000000000000e+03 2.433591908373316792e-01
4.460000000000000000e+03 2.436223090815095860e-01
4.461000000000000000e+03 2.438854326207417766e-01
4.461251953125000000e+03 2.439517400517586532e-01
4.462000000000000000e+03 2.440546027294016318e-01
4.463000000000000000e+03 2.441941951044135362e-01
4.464000000000000000e+03 2.443317726331456774e-01
4.465000000000000000e+03 2.444693864842797937e-01
4.466000000000000000e+03 2.446070121887685411e-01
4.467000000000000000e+03 2.447446986826156134e-01
4.468000000000000000e+03 2.448824215103402036e-01
4.469000000000000000e+03 2.450201806757680567e-01
4.470000000000000000e+03 2.451579761827264725e-01
4.471000000000000000e+03 2.452978671739714234e-01
4.471254394531250000e+03 2.453329363516986994e-01
4.472000000000000000e+03 2.453821016743111538e-01
4.473000000000000000e+03 2.454480516821359593e-01
4.474000000000000000e+03 2.455139884448158671e-01
4.475000000000000000e+03 2.455799610804690614e-01
4.476000000000000000e+03 2.456459450347156515e-01
4.477000000000000000e+03 2.457119403085447074e-01
4.478000000000000000e+03 2.457779469029449937e-01
4.479000000000000000e+03 2.458439648189057469e-01
4.480000000000000000e+03 2.459099940574159815e-01
4.481000000000000000e+03 2.459781548540846685e-01
4.481257324218750000e+03 2.459951707089742812e-01
4.482000000000000000e+03 2.460440221003379335e-01
4.483000000000000000e+03 2.461098094449700735e-01
4.484000000000000000e+03 2.461756080344612019e-01
4.485000000000000000e+03 2.462414178697967526e-01
4.486000000000000000e+03 2.463072389519629368e-01
4.487000000000000000e+03 2.463730712819452440e-01
4.488000000000000000e+03 2.464389148607298297e-01
4.489000000000000000e+03 2.465047696893023499e-01
4.490000000000000000e+03 2.465706111046988003e-01
4.491000000000000000e+03 2.466364493797583990e-01
4.491259765625000000e+03 2.466535537381881749e-01
4.492000000000000000e+03 2.467158169361560183e-01
4.493000000000000000e+03 2.467999450510495463e-01
4.494000000000000000e+03 2.468840907497744930e-01
4.495000000000000000e+03 2.469703290597703993e-01
4.496000000000000000e+03 2.470545106211108621e-01
4.497000000000000000e+03 2.471387097715250503e-01
4.498000000000000000e+03 2.472229017853850852e-01
4.499000000000000000e+03 2.473071361108350463e-01
4.500000000000000000e+03 2.473913880304632329e-01
4.501000000000000000e+03 2.474503524514021224e-01
4.501262207031250000e+03 2.474658144337603394e-01
4.502000000000000000e+03 2.475303644787864021e-01
4.503000000000000000e+03 2.476178645065588990e-01
4.504000000000000000e+03 2.477053752361951522e-01
4.505000000000000000e+03 2.477928966683244916e-01
4.506000000000000000e+03 2.478804288035761638e-01
4.507000000000000000e+03 2.479679468426030098e-01
4.508000000000000000e+03 2.480555003774393419e-01
4.509000000000000000e+03 2.481430646172850252e-01
4.510000000000000000e+03 2.482306395627695839e-01
4.511000000000000000e+03 2.483181072694586877e-01
4.511265136718750000e+03 2.483412999519988285e-01
4.512000000000000000e+03 2.483266308664474065e-01
4.513000000000000000e+03 2.483066652087849435e-01
4.514000000000000000e+03 2.482866949337233786e-01
4.515000000000000000e+03 2.482667200409506836e-01
4.516000000000000000e+03 2.482467157041731154e-01
4.517000000000000000e+03 2.482267315772505867e-01
4.518000000000000000e+03 2.482067428316824809e-01
4.519000000000000000e+03 2.481867494671568808e-01
4.520000000000000000e+03 2.481667514833623134e-01
4.521000000000000000e+03 2.481467095923411414e-01
4.521267578125000000e+03 2.481413460383370961e-01
4.522000000000000000e+03 2.480201849448717133e-01
4.523000000000000000e+03 2.478547378497308051e-01
4.524000000000000000e+03 2.476892407995983370e-01
4.525000000000000000e+03 2.475237433468190362e-01
4.526000000000000000e+03 2.473582207045153247e-01
4.527000000000000000e+03 2.471926728711351107e-01
4.528000000000000000e+03 2.470270998451253586e-01
4.529000000000000000e+03 2.468615016249340599e-01
4.530000000000000000e+03 2.466958782090083735e-01
4.531000000000000000e+03 2.465302295957958467e-01
4.531270507812500000e+03 2.464854160216596868e-01
4.532000000000000000e+03 2.462671044932835118e-01
4.533000000000000000e+03 2.459657353492473164e-01
4.534000000000000000e+03 2.456663660161594875e-01
4.535000000000000000e+03 2.453669771752323980e-01
4.536000000000000000e+03 2.450675442292032102e-01
4.537000000000000000e+03 2.447680671753773574e-01
4.538000000000000000e+03 2.444685460110608555e-01
4.539000000000000000e+03 2.441689807335592766e-01
4.540000000000000000e+03 2.438693713401782481e-01
4.541000000000000000e+03 2.435697200966139286e-01
4.541272949218750000e+03 2.434879228579506782e-01
4.542000000000000000e+03 2.432795751569014064e-01
4.543000000000000000e+03 2.429929488169210172e-01
4.544000000000000000e+03 2.427063045267919550e-01
4.545000000000000000e+03 2.424196179597919165e-01
4.546000000000000000e+03 2.421328891133371353e-01
4.547000000000000000e+03 2.418440868814393796e-01
4.548000000000000000e+03 2.415572758941149922e-01
4.549000000000000000e+03 2.412704226198985891e-01
4.550000000000000000e+03 2.409835270562065146e-01
4.551000000000000000e+03 2.406965488512579632e-01
4.551275390625000000e+03 2.406175103334612098e-01
4.552000000000000000e+03 2.404793718758262977e-01
4.553000000000000000e+03 2.402886846680096500e-01
4.554000000000000000e+03 2.400979928957776843e-01
4.555000000000000000e+03 2.399072725150362684e-01
4.556000000000000000e+03 2.397165235240384662e-01
4.557000000000000000e+03 2.395237344567173188e-01
4.558000000000000000e+03 2.393329298591763410e-01
4.559000000000000000e+03 2.391420966463509989e-01
4.560000000000000000e+03 2.389512348164942179e-01
4.561000000000000000e+03 2.387603087905278698e-01
4.561278320312500000e+03 2.387071584764749455e-01
4.562000000000000000e+03 2.385635086001790806e-01
4.563000000000000000e+03 2.383644575412239841e-01
4.564000000000000000e+03 2.381653767799976618e-01
4.565000000000000000e+03 2.379642680636783192e-01
4.566000000000000000e+03 2.377651295814889876e-01
4.567000000000000000e+03 2.375659613918425506e-01
4.568000000000000000e+03 2.373667634929369497e-01
4.569000000000000000e+03 2.371675358829694047e-01
4.570000000000000000e+03 2.369682785601376629e-01
4.571000000000000000e+03 2.367689165514660077e-01
4.571280761718750000e+03 2.367123799583959465e-01
4.572000000000000000e+03 2.363882159180003550e-01
4.573000000000000000e+03 2.359394198667027209e-01
4.574000000000000000e+03 2.354905829351372770e-01
4.575000000000000000e+03 2.350416814895114614e-01
4.576000000000000000e+03 2.345927155259901475e-01
4.577000000000000000e+03 2.341436850407390136e-01
4.578000000000000000e+03 2.336926278300866799e-01
4.579000000000000000e+03 2.332434720776504489e-01
4.580000000000000000e+03 2.327942517924576349e-01
4.581000000000000000e+03 2.323450037559121606e-01
4.581283691406250000e+03 2.322175441710166988e-01
4.582000000000000000e+03 2.316353765763289330e-01
4.583000000000000000e+03 2.308225212876390819e-01
4.584000000000000000e+03 2.300076422898530426e-01
4.585000000000000000e+03 2.291945856216296151e-01
4.586000000000000000e+03 2.283814132562560217e-01
4.587000000000000000e+03 2.275681251868403310e-01
4.588000000000000000e+03 2.267547214064905559e-01
4.589000000000000000e+03 2.259393049524038577e-01
4.590000000000000000e+03 2.251256765764925727e-01
4.591000000000000000e+03 2.243119679832573377e-01
4.591286132812500000e+03 2.240791179118009901e-01
4.592000000000000000e+03 2.234553827449305974e-01
4.593000000000000000e+03 2.225815349304036128e-01
4.594000000000000000e+03 2.217057013364154838e-01
4.595000000000000000e+03 2.208315899354779399e-01
4.596000000000000000e+03 2.199573762486586037e-01
4.597000000000000000e+03 2.190830381095947577e-01
4.598000000000000000e+03 2.182067435839472880e-01
4.599000000000000000e+03 2.173321638757819696e-01
4.600000000000000000e+03 2.164574596939405626e-01
4.601000000000000000e+03 2.155825968996386566e-01
4.601288574218750000e+03 2.153301109586020501e-01
4.602000000000000000e+03 2.150366813457344206e-01
4.603000000000000000e+03 2.146223758979803331e-01
4.604000000000000000e+03 2.142098163425895097e-01
4.605000000000000000e+03 2.137971974236040351e-01
4.606000000000000000e+03 2.133844978120342795e-01
4.607000000000000000e+03 2.129699723392946276e-01
4.608000000000000000e+03 2.125571788300117115e-01
4.609000000000000000e+03 2.121443259433940798e-01
4.610000000000000000e+03 2.117314136758951248e-01
4.611000000000000000e+03 2.113166346346359581e-01
4.611291503906250000e+03 2.111962318930168114e-01
4.612000000000000000e+03 2.115339454879768821e-01
4.613000000000000000e+03 2.120106637784773540e-01
4.614000000000000000e+03 2.124874472568784312e-01
4.615000000000000000e+03 2.129625082223498000e-01
4.616000000000000000e+03 2.134394180996449508e-01
4.617000000000000000e+03 2.139163717986476421e-01
4.618000000000000000e+03 2.143916123588469613e-01
4.619000000000000000e+03 2.148687138069141633e-01
4.620000000000000000e+03 2.153458804648205882e-01
4.621000000000000000e+03 2.158230118379377838e-01
4.621293945312500000e+03 2.159627418183116820e-01
4.622000000000000000e+03 2.166406193333879626e-01
4.623000000000000000e+03 2.176026369137589456e-01
4.624000000000000000e+03 2.185647866000420825e-01
4.625000000000000000e+03 2.195252257128593176e-01
4.626000000000000000e+03 2.204876315709793089e-01
4.627000000000000000e+03 2.214501695569164597e-01
4.628000000000000000e+03 2.224128396782971140e-01
4.629000000000000000e+03 2.233737669984388607e-01
4.630000000000000000e+03 2.243366709300277373e-01
4.631000000000000000e+03 2.252947539062385152e-01
4.631296875000000000e+03 2.255786400065990793e-01
4.632000000000000000e+03 2.251118071859463388e-01
4.633000000000000000e+03 2.244497065993338591e-01
4.634000000000000000e+03 2.237875426035315085e-01
4.635000000000000000e+03 2.231234424154805163e-01
4.636000000000000000e+03 2.224611571680320810e-01
4.637000000000000000e+03 2.217988085040208113e-01
4.638000000000000000e+03 2.211345403653400543e-01
4.639000000000000000e+03 2.204720704362531647e-01
4.640000000000000000e+03 2.198095370832305884e-01
4.641000000000000000e+03 2.191451009770659653e-01
4.641299316406250000e+03 2.189467642256178459e-01
4.642000000000000000e+03 2.160318509606954929e-01
4.643000000000000000e+03 2.118713950992072437e-01
4.644000000000000000e+03 2.077088229723192958e-01
4.645000000000000000e+03 2.035476345391085962e-01
4.646000000000000000e+03 1.993860515361065844e-01
4.647000000000000000e+03 1.952224354629087943e-01
4.648000000000000000e+03 1.910600982194883835e-01
4.649000000000000000e+03 1.868973663605870417e-01
4.650000000000000000e+03 1.827327062367125887e-01
4.651000000000000000e+03 1.785692466629630881e-01
4.651301757812500000e+03 1.773128124520486626e-01
4.652000000000000000e+03 1.726870295090510155e-01
4.653000000000000000e+03 1.660602037055153302e-01
4.654000000000000000e+03 1.594341975976564796e-01
4.655000000000000000e+03 1.528075618615490072e-01
4.656000000000000000e+03 1.461790696653030575e-01
4.657000000000000000e+03 1.395512162862353744e-01
4.658000000000000000e+03 1.329216322765040814e-01
4.659000000000000000e+03 1.262925897155752764e-01
4.660000000000000000e+03 1.196629174054447825e-01
4.661000000000000000e+03 1.130316846228587024e-01
4.661304687500000000e+03 1.110114112699599059e-01
4.662000000000000000e+03 1.071296349204494680e-01
4.663000000000000000e+03 1.015455522298187307e-01
4.664000000000000000e+03 9.596183648575780378e-02
4.665000000000000000e+03 9.037758861218712914e-02
4.666000000000000000e+03 8.479209700619375067e-02
4.667000000000000000e+03 7.920683168479951408e-02
4.668000000000000000e+03 7.362041634912445953e-02
4.669000000000000000e+03 6.803413350623231659e-02
4.670000000000000000e+03 6.244731219202361711e-02
4.671000000000000000e+03 5.685947979069394531e-02
4.671307128906250000e+03 5.514334938037837586e-02
4.672000000000000000e+03 5.298380428124890851e-02
4.673000000000000000e+03 4.986632876770972361e-02
4.674000000000000000e+03 4.674900182223422351e-02
4.675000000000000000e+03 4.363137880396074364e-02
4.676000000000000000e+03 4.051311972903021835e-02
4.677000000000000000e+03 3.739493069793365515e-02
4.678000000000000000e+03 3.427615792860547184e-02
4.679000000000000000e+03 3.115740284407931063e-02
4.680000000000000000e+03 2.803811634792950994e-02
4.681000000000000000e+03 2.491879493729233508e-02
4.681310058593750000e+03 2.395156239189850239e-02
4.682000000000000000e+03 2.301508261846178446e-02
4.683000000000000000e+03 2.165745966048983687e-02
4.684000000000000000e+03 2.029990095006823508e-02
4.685000000000000000e+03 1.894205440570256860e-02
4.686000000000000000e+03 1.758424755707731213e-02
4.687000000000000000e+03 1.622617754788241787e-02
4.688000000000000000e+03 1.486812619224180294e-02
4.689000000000000000e+03 1.350983256847350031e-02
4.690000000000000000e+03 1.215153479591418728e-02
4.691000000000000000e+03 1.079310479142087977e-02
4.691312500000000000e+03 1.036854195952652269e-02
4.692000000000000000e+03 9.975024945762368464e-03
4.693000000000000000e+03 9.402678021245813519e-03
4.694000000000000000e+03 8.830203023694391945e-03
4.695000000000000000e+03 8.257752942311073069e-03
4.696000000000000000e+03 7.685184392217769833e-03
4.697000000000000000e+03 7.112631146713991118e-03
4.698000000000000000e+03 6.539969038314549094e-03
4.699000000000000000e+03 5.967312621436707439e-03
4.700000000000000000e+03 5.394556948967023889e-03
4.701000000000000000e+03 4.821796590041269905e-03
4.701315429687500000e+03 4.641107521277851831e-03
4.702000000000000000e+03 4.471299095982028508e-03
4.703000000000000000e+03 4.223266874183050426e-03
4.704000000000000000e+03 3.975178435168705976e-03
4.705000000000000000e+03 3.727102121317368844e-03
4.706000000000000000e+03 3.478973305605774849e-03
4.707000000000000000e+03 3.230852449969731817e-03
4.708000000000000000e+03 2.982683255103882759e-03
4.709000000000000000e+03 2.734517854583499562e-03
4.710000000000000000e+03 2.486308278106453239e-03
4.711000000000000000e+03 2.238098329602126839e-03
4.711317871093750000e+03 2.159188919385793878e-03
4.712000000000000000e+03 2.086515885203098046e-03
4.713000000000000000e+03 1.979987018602510050e-03
4.714000000000000000e+03 1.873432423416611413e-03
4.715000000000000000e+03 1.766884430415542650e-03
4.716000000000000000e+03 1.660312496338390469e-03
4.717000000000000000e+03 1.553745375606071458e-03
4.718000000000000000e+03 1.447156101582859102e-03
4.719000000000000000e+03 1.340569851788532725e-03
4.720000000000000000e+03 1.233963236764481749e-03
4.721000000000000000e+03 1.127358100964219153e-03
4.721320312500000000e+03 1.093206113425259415e-03
4.722000000000000000e+03 1.058834452764970948e-03
4.723000000000000000e+03 1.008261349296794927e-03
4.724000000000000000e+03 9.576923467548290655e-04
4.725000000000000000e+03 9.071109508115581021e-04
4.726000000000000000e+03 8.565328067918773561e-04
4.727000000000000000e+03 8.059431178568568065e-04
4.728000000000000000e+03 7.553558317107792212e-04
4.729000000000000000e+03 7.047578492673652831e-04
4.730000000000000000e+03 6.541614203462142165e-04
4.731000000000000000e+03 6.035551438777755559e-04
4.731323242187500000e+03 5.871978112572446727e-04
4.732000000000000000e+03 5.697788014149597364e-04
4.733000000000000000e+03 5.440332842690075036e-04
4.734000000000000000e+03 5.182857647980737776e-04
4.735000000000000000e+03 4.925403751374840891e-04
4.736000000000000000e+03 4.667886348247101509e-04
4.737000000000000000e+03 4.410385921006296900e-04
4.738000000000000000e+03 4.152826306831252441e-04
4.739000000000000000e+03 3.895279345654655695e-04
4.740000000000000000e+03 3.637677517803457414e-04
4.741000000000000000e+03 3.380056166460563205e-04
4.741325683593750000e+03 3.296157677682004235e-04
4.742000000000000000e+03 3.197257535873563954e-04
4.743000000000000000e+03 3.050553363306565615e-04
4.744000000000000000e+03 2.903862101176806409e-04
4.745000000000000000e+03 2.757133795789762907e-04
4.746000000000000000e+03 2.610394038941432474e-04
4.747000000000000000e+03 2.463663498471956796e-04
4.748000000000000000e+03 2.316899606620618189e-04
4.749000000000000000e+03 2.170142467930186853e-04
4.750000000000000000e+03 2.023354439556530762e-04
4.751000000000000000e+03 1.876554678470744814e-04
4.751328613281250000e+03 1.828316876833668738e-04
4.752000000000000000e+03 1.779967898838591476e-04
4.753000000000000000e+03 1.707934275902788066e-04
4.754000000000000000e+03 1.635908776322720834e-04
4.755000000000000000e+03 1.563863348389209706e-04
4.756000000000000000e+03 1.491812319898288706e-04
4.757000000000000000e+03 1.419767601003756638e-04
4.758000000000000000e+03 1.347704766459797239e-04
4.759000000000000000e+03 1.275636330901249187e-04
4.760000000000000000e+03 1.203572390756904782e-04
4.761000000000000000e+03 1.131492137551708550e-04
4.761331054687500000e+03 1.107628398004930297e-04
4.762000000000000000e+03 1.076025350205859983e-04
4.763000000000000000e+03 1.028787717987180616e-04
4.764000000000000000e+03 9.815374953894434606e-05
4.765000000000000000e+03 9.342914389409721551e-05
4.766000000000000000e+03 8.870334771550452281e-05
4.767000000000000000e+03 8.397718438261716502e-05
4.768000000000000000e+03 7.925131869574681223e-05
4.769000000000000000e+03 7.452438137493076092e-05
4.770000000000000000e+03 6.979707686988599505e-05
4.771000000000000000e+03 6.506995162027141713e-05
4.771333984375000000e+03 6.349088828034203994e-05
4.772000000000000000e+03 6.193706692613185928e-05
4.773000000000000000e+03 5.960390552719482495e-05
4.774000000000000000e+03 5.727104322587775291e-05
4.775000000000000000e+03 5.493749960885947064e-05
4.776000000000000000e+03 5.260377466208557490e-05
4.777000000000000000e+03 5.027029006892272340e-05
4.778000000000000000e+03 4.793618286991855199e-05
4.779000000000000000e+03 4.560189432636630569e-05
4.780000000000000000e+03 4.326778737872675080e-05
4.781000000000000000e+03 4.093311654879662411e-05
4.781336425781250000e+03 4.014763232078281122e-05
4.782000000000000000e+03 3.913494178012146013e-05
4.783000000000000000e+03 3.760904366773319885e-05
4.784000000000000000e+03 3.608269869902815005e-05
4.785000000000000000e+03 3.455623514828702435e-05
4.786000000000000000e+03 3.302993007423240461e-05
4.787000000000000000e+03 3.150321654436667300e-05
4.788000000000000000e+03 2.997638442279413010e-05
4.789000000000000000e+03 2.844943370662297491e-05
4.790000000000000000e+03 2.692258753464782292e-05
4.791000000000000000e+03 2.539538294179179183e-05
4.791338867187500000e+03 2.487783662126453752e-05
