5870.000000 0.000100
5871.000000 0.000000
5872.000000 0.000000
5873.000000 0.000000
5874.000000 0.000100
5875.000000 0.000000
5876.000000 0.000100
5877.000000 0.000100
5878.000000 0.000100
5879.000000 0.000100
5880.000000 0.000100
5881.000000 0.000100
5882.000000 0.000100
5883.000000 0.000100
5884.000000 0.000100
5885.000000 0.000100
5886.000000 0.000100
5887.000000 0.000200
5888.000000 0.000200
5889.000000 0.000200
5890.000000 0.000200
5891.000000 0.000200
5892.000000 0.000300
5893.000000 0.000300
5894.000000 0.000300
5895.000000 0.000400
5896.000000 0.000400
5897.000000 0.000500
5898.000000 0.000600
5899.000000 0.000600
5900.000000 0.000700
5901.000000 0.000800
5902.000000 0.000900
5903.000000 0.001100
5904.000000 0.001200
5905.000000 0.001400
5906.000000 0.001600
5907.000000 0.001900
5908.000000 0.002200
5909.000000 0.002500
5910.000000 0.002800
5911.000000 0.003300
5912.000000 0.003900
5913.000000 0.004500
5914.000000 0.005300
5915.000000 0.006300
5916.000000 0.007400
5917.000000 0.008700
5918.000000 0.010200
5919.000000 0.012200
5920.000000 0.014600
5921.000000 0.017600
5922.000000 0.021000
5923.000000 0.025200
5924.000000 0.030900
5925.000000 0.037300
5926.000000 0.046000
5927.000000 0.055800
5928.000000 0.068900
5929.000000 0.083500
5930.000000 0.102000
5931.000000 0.122800
5932.000000 0.149500
5933.000000 0.181900
5934.000000 0.216300
5935.000000 0.256100
5936.000000 0.297200
5937.000000 0.344800
5938.000000 0.387800
5939.000000 0.433100
5940.000000 0.467900
5941.000000 0.502500
5942.000000 0.527000
5943.000000 0.547300
5944.000000 0.561100
5945.000000 0.569800
5946.000000 0.575500
5947.000000 0.578300
5948.000000 0.579600
5949.000000 0.578900
5950.000000 0.578700
5951.000000 0.577900
5952.000000 0.577600
5953.000000 0.576300
5954.000000 0.576300
5955.000000 0.575600
5956.000000 0.576800
5957.000000 0.576600
5958.000000 0.577000
5959.000000 0.577800
5960.000000 0.578800
5961.000000 0.579900
5962.000000 0.580500
5963.000000 0.580600
5964.000000 0.580900
5965.000000 0.582000
5966.000000 0.582100
5967.000000 0.582300
5968.000000 0.582200
5969.000000 0.582200
5970.000000 0.581800
5971.000000 0.581800
5972.000000 0.581300
5973.000000 0.581100
5974.000000 0.580600
5975.000000 0.580500
5976.000000 0.579900
5977.000000 0.579100
5978.000000 0.579300
5979.000000 0.578500
5980.000000 0.578600
5981.000000 0.578200
5982.000000 0.577700
5983.000000 0.577800
5984.000000 0.578300
5985.000000 0.578600
5986.000000 0.578400
5987.000000 0.578500
5988.000000 0.578800
5989.000000 0.578600
5990.000000 0.578900
5991.000000 0.579300
5992.000000 0.579600
5993.000000 0.579800
5994.000000 0.580700
5995.000000 0.580700
5996.000000 0.581000
5997.000000 0.581000
5998.000000 0.581200
5999.000000 0.581700
6000.000000 0.582000
6001.000000 0.581800
6002.000000 0.581800
6003.000000 0.582500
6004.000000 0.582600
6005.000000 0.583300
6006.000000 0.583900
6007.000000 0.583800
6008.000000 0.583800
6009.000000 0.584000
6010.000000 0.584800
6011.000000 0.584500
6012.000000 0.584800
6013.000000 0.585300
6014.000000 0.585000
6015.000000 0.585400
6016.000000 0.585900
6017.000000 0.586000
6018.000000 0.585700
6019.000000 0.585800
6020.000000 0.585700
6021.000000 0.586300
6022.000000 0.586000
6023.000000 0.585900
6024.000000 0.586000
6025.000000 0.585900
6026.000000 0.585900
6027.000000 0.585600
6028.000000 0.585800
6029.000000 0.585000
6030.000000 0.585400
6031.000000 0.584800
6032.000000 0.584900
6033.000000 0.584900
6034.000000 0.584400
6035.000000 0.584200
6036.000000 0.584300
6037.000000 0.583600
6038.000000 0.583800
6039.000000 0.583100
6040.000000 0.583600
6041.000000 0.583600
6042.000000 0.583600
6043.000000 0.584100
6044.000000 0.583500
6045.000000 0.583600
6046.000000 0.583300
6047.000000 0.584200
6048.000000 0.584400
6049.000000 0.584400
6050.000000 0.584300
6051.000000 0.584000
6052.000000 0.584200
6053.000000 0.583900
6054.000000 0.584100
6055.000000 0.583800
6056.000000 0.583500
6057.000000 0.583600
6058.000000 0.582600
6059.000000 0.582600
6060.000000 0.582100
6061.000000 0.581900
6062.000000 0.581900
6063.000000 0.582100
6064.000000 0.582700
6065.000000 0.582900
6066.000000 0.583200
6067.000000 0.583900
6068.000000 0.584600
6069.000000 0.585100
6070.000000 0.585200
6071.000000 0.585600
6072.000000 0.583900
6073.000000 0.581900
6074.000000 0.577300
6075.000000 0.569700
6076.000000 0.559000
6077.000000 0.544300
6078.000000 0.524800
6079.000000 0.501100
6080.000000 0.469800
6081.000000 0.436100
6082.000000 0.396700
6083.000000 0.360100
6084.000000 0.317300
6085.000000 0.279900
6086.000000 0.242100
6087.000000 0.208100
6088.000000 0.176400
6089.000000 0.148500
6090.000000 0.125500
6091.000000 0.104600
6092.000000 0.088000
6093.000000 0.072100
6094.000000 0.060700
6095.000000 0.050500
6096.000000 0.042800
6097.000000 0.035400
6098.000000 0.030000
6099.000000 0.025300
6100.000000 0.021600
6101.000000 0.018300
6102.000000 0.015400
6103.000000 0.013200
6104.000000 0.011300
6105.000000 0.009700
6106.000000 0.008200
6107.000000 0.007100
6108.000000 0.006100
6109.000000 0.005400
6110.000000 0.004600
6111.000000 0.004000
6112.000000 0.003500
6113.000000 0.003100
6114.000000 0.002700
6115.000000 0.002400
6116.000000 0.002100
6117.000000 0.001800
6118.000000 0.001600
6119.000000 0.001400
6120.000000 0.001300
6121.000000 0.001100
6122.000000 0.001000
6123.000000 0.000900
6124.000000 0.000800
6125.000000 0.000700
6126.000000 0.000600
6127.000000 0.000600
6128.000000 0.000500
6129.000000 0.000500
6130.000000 0.000400
6131.000000 0.000400
6132.000000 0.000300
6133.000000 0.000300
6134.000000 0.000300
6135.000000 0.000300
6136.000000 0.000200
6137.000000 0.000200
6138.000000 0.000200
6139.000000 0.000200
6140.000000 0.000200
6141.000000 0.000200
6142.000000 0.000100
6143.000000 0.000100
6144.000000 0.000100
6145.000000 0.000100
6146.000000 0.000100
6147.000000 0.000100
6148.000000 0.000100
6149.000000 0.000100
6150.000000 0.000100
6151.000000 0.000100
6152.000000 0.000100
