6990.000000 0.000100
6991.000000 0.000100
6992.000000 0.000100
6993.000000 0.000100
6994.000000 0.000100
6995.000000 0.000100
6996.000000 0.000100
6997.000000 0.000100
6998.000000 0.000100
6999.000000 0.000100
7000.000000 0.000100
7001.000000 0.000200
7002.000000 0.000200
7003.000000 0.000200
7004.000000 0.000200
7005.000000 0.000300
7006.000000 0.000300
7007.000000 0.000300
7008.000000 0.000400
7009.000000 0.000400
7010.000000 0.000500
7011.000000 0.000500
7012.000000 0.000600
7013.000000 0.000700
7014.000000 0.000800
7015.000000 0.000900
7016.000000 0.001000
7017.000000 0.001200
7018.000000 0.001300
7019.000000 0.001500
7020.000000 0.001700
7021.000000 0.002000
7022.000000 0.002300
7023.000000 0.002800
7024.000000 0.003200
7025.000000 0.003700
7026.000000 0.004300
7027.000000 0.005000
7028.000000 0.005800
7029.000000 0.006900
7030.000000 0.008200
7031.000000 0.009700
7032.000000 0.011500
7033.000000 0.013600
7034.000000 0.016300
7035.000000 0.019600
7036.000000 0.023400
7037.000000 0.027900
7038.000000 0.033600
7039.000000 0.041200
7040.000000 0.050100
7041.000000 0.061500
7042.000000 0.074500
7043.000000 0.091700
7044.000000 0.109700
7045.000000 0.132400
7046.000000 0.156600
7047.000000 0.186600
7048.000000 0.221900
7049.000000 0.261300
7050.000000 0.303400
7051.000000 0.343900
7052.000000 0.390000
7053.000000 0.427700
7054.000000 0.463500
7055.000000 0.493000
7056.000000 0.521100
7057.000000 0.541700
7058.000000 0.559700
7059.000000 0.572100
7060.000000 0.581300
7061.000000 0.586400
7062.000000 0.588900
7063.000000 0.590200
7064.000000 0.591000
7065.000000 0.591700
7066.000000 0.592500
7067.000000 0.592100
7068.000000 0.591900
7069.000000 0.591600
7070.000000 0.591700
7071.000000 0.591600
7072.000000 0.592700
7073.000000 0.592800
7074.000000 0.593100
7075.000000 0.594100
7076.000000 0.595200
7077.000000 0.596000
7078.000000 0.595200
7079.000000 0.596000
7080.000000 0.596100
7081.000000 0.596600
7082.000000 0.596500
7083.000000 0.596400
7084.000000 0.596700
7085.000000 0.596100
7086.000000 0.596600
7087.000000 0.596600
7088.000000 0.596500
7089.000000 0.596700
7090.000000 0.596300
7091.000000 0.595900
7092.000000 0.596000
7093.000000 0.595100
7094.000000 0.595300
7095.000000 0.594500
7096.000000 0.595200
7097.000000 0.595400
7098.000000 0.595600
7099.000000 0.595600
7100.000000 0.596000
7101.000000 0.595800
7102.000000 0.595800
7103.000000 0.594600
7104.000000 0.595400
7105.000000 0.595400
7106.000000 0.595100
7107.000000 0.595200
7108.000000 0.595200
7109.000000 0.595300
7110.000000 0.594900
7111.000000 0.594700
7112.000000 0.594300
7113.000000 0.593400
7114.000000 0.592900
7115.000000 0.593400
7116.000000 0.592600
7117.000000 0.592400
7118.000000 0.591900
7119.000000 0.592100
7120.000000 0.592000
7121.000000 0.591600
7122.000000 0.590500
7123.000000 0.590400
7124.000000 0.590600
7125.000000 0.590400
7126.000000 0.590500
7127.000000 0.589300
7128.000000 0.588800
7129.000000 0.589200
7130.000000 0.588100
7131.000000 0.587800
7132.000000 0.585400
7133.000000 0.584600
7134.000000 0.582600
7135.000000 0.581600
7136.000000 0.580400
7137.000000 0.579400
7138.000000 0.578400
7139.000000 0.576800
7140.000000 0.575300
7141.000000 0.573700
7142.000000 0.571800
7143.000000 0.570200
7144.000000 0.569300
7145.000000 0.568600
7146.000000 0.567500
7147.000000 0.566800
7148.000000 0.564900
7149.000000 0.564700
7150.000000 0.563800
7151.000000 0.561300
7152.000000 0.560800
7153.000000 0.559900
7154.000000 0.558900
7155.000000 0.558400
7156.000000 0.558700
7157.000000 0.558500
7158.000000 0.557700
7159.000000 0.557000
7160.000000 0.557200
7161.000000 0.555800
7162.000000 0.554600
7163.000000 0.554100
7164.000000 0.553600
7165.000000 0.552900
7166.000000 0.551500
7167.000000 0.549600
7168.000000 0.548800
7169.000000 0.547300
7170.000000 0.545800
7171.000000 0.544300
7172.000000 0.542700
7173.000000 0.541900
7174.000000 0.540100
7175.000000 0.537600
7176.000000 0.536100
7177.000000 0.535000
7178.000000 0.533800
7179.000000 0.533100
7180.000000 0.533500
7181.000000 0.534900
7182.000000 0.536000
7183.000000 0.536700
7184.000000 0.536500
7185.000000 0.535400
7186.000000 0.533300
7187.000000 0.530100
7188.000000 0.522700
7189.000000 0.513100
7190.000000 0.497800
7191.000000 0.476200
7192.000000 0.452600
7193.000000 0.422300
7194.000000 0.390300
7195.000000 0.351900
7196.000000 0.315200
7197.000000 0.275800
7198.000000 0.239200
7199.000000 0.201500
7200.000000 0.169000
7201.000000 0.140600
7202.000000 0.117200
7203.000000 0.098300
7204.000000 0.081500
7205.000000 0.067900
7206.000000 0.055900
7207.000000 0.046400
7208.000000 0.037100
7209.000000 0.031000
7210.000000 0.025700
7211.000000 0.021700
7212.000000 0.018400
7213.000000 0.015700
7214.000000 0.013300
7215.000000 0.011400
7216.000000 0.009600
7217.000000 0.008100
7218.000000 0.006900
7219.000000 0.005800
7220.000000 0.005000
7221.000000 0.004300
7222.000000 0.003800
7223.000000 0.003300
7224.000000 0.002900
7225.000000 0.002500
7226.000000 0.002300
7227.000000 0.001900
7228.000000 0.001700
7229.000000 0.001500
7230.000000 0.001300
7231.000000 0.001100
7232.000000 0.001000
7233.000000 0.000900
7234.000000 0.000800
7235.000000 0.000700
7236.000000 0.000600
7237.000000 0.000600
7238.000000 0.000500
7239.000000 0.000400
7240.000000 0.000400
7241.000000 0.000300
7242.000000 0.000300
7243.000000 0.000300
7244.000000 0.000200
7245.000000 0.000200
7246.000000 0.000200
7247.000000 0.000200
7248.000000 0.000200
7249.000000 0.000200
7250.000000 0.000100
7251.000000 0.000100
7252.000000 0.000100
7253.000000 0.000100
7254.000000 0.000100
7255.000000 0.000100
7256.000000 0.000100
7257.000000 0.000100
7258.000000 0.000100
7259.000000 0.000100
7260.000000 0.000100
