5268.000000 0.000000
5269.000000 0.000100
5270.000000 0.000200
5271.000000 0.000200
5272.000000 0.000200
5273.000000 0.000100
5274.000000 0.000100
5275.000000 0.000100
5276.000000 0.000100
5277.000000 0.000100
5278.000000 0.000100
5279.000000 0.000100
5280.000000 0.000100
5281.000000 0.000200
5282.000000 0.000300
5283.000000 0.000400
5284.000000 0.000500
5285.000000 0.000600
5286.000000 0.000700
5287.000000 0.000800
5288.000000 0.000900
5289.000000 0.001000
5290.000000 0.001100
5291.000000 0.001100
5292.000000 0.001100
5293.000000 0.001100
5294.000000 0.001100
5295.000000 0.001100
5296.000000 0.001200
5297.000000 0.001300
5298.000000 0.001400
5299.000000 0.001400
5300.000000 0.001500
5301.000000 0.001700
5302.000000 0.001900
5303.000000 0.002100
5304.000000 0.002300
5305.000000 0.002500
5306.000000 0.002600
5307.000000 0.002600
5308.000000 0.002700
5309.000000 0.002800
5310.000000 0.002900
5311.000000 0.003100
5312.000000 0.003300
5313.000000 0.003500
5314.000000 0.003700
5315.000000 0.003900
5316.000000 0.004100
5317.000000 0.004300
5318.000000 0.004500
5319.000000 0.004700
5320.000000 0.004900
5321.000000 0.005100
5322.000000 0.005300
5323.000000 0.005600
5324.000000 0.005800
5325.000000 0.006000
5326.000000 0.006400
5327.000000 0.006800
5328.000000 0.007200
5329.000000 0.007600
5330.000000 0.008000
5331.000000 0.008300
5332.000000 0.008600
5333.000000 0.008900
5334.000000 0.009200
5335.000000 0.009400
5336.000000 0.009900
5337.000000 0.010300
5338.000000 0.010700
5339.000000 0.011100
5340.000000 0.011600
5341.000000 0.012000
5342.000000 0.012500
5343.000000 0.013000
5344.000000 0.013400
5345.000000 0.013900
5346.000000 0.014500
5347.000000 0.015100
5348.000000 0.015700
5349.000000 0.016300
5350.000000 0.016900
5351.000000 0.017600
5352.000000 0.018200
5353.000000 0.018900
5354.000000 0.019500
5355.000000 0.020200
5356.000000 0.020800
5357.000000 0.021400
5358.000000 0.022100
5359.000000 0.022700
5360.000000 0.023300
5361.000000 0.024200
5362.000000 0.025100
5363.000000 0.025900
5364.000000 0.026800
5365.000000 0.027700
5366.000000 0.028700
5367.000000 0.029600
5368.000000 0.030600
5369.000000 0.031600
5370.000000 0.032600
5371.000000 0.033400
5372.000000 0.034300
5373.000000 0.035100
5374.000000 0.036000
5375.000000 0.036800
5376.000000 0.038100
5377.000000 0.039300
5378.000000 0.040600
5379.000000 0.041800
5380.000000 0.043100
5381.000000 0.044200
5382.000000 0.045300
5383.000000 0.046500
5384.000000 0.047600
5385.000000 0.048700
5386.000000 0.050100
5387.000000 0.051500
5388.000000 0.052900
5389.000000 0.054300
5390.000000 0.055700
5391.000000 0.057200
5392.000000 0.058600
5393.000000 0.060000
5394.000000 0.061400
5395.000000 0.062900
5396.000000 0.064400
5397.000000 0.066000
5398.000000 0.067500
5399.000000 0.069100
5400.000000 0.070700
5401.000000 0.072500
5402.000000 0.074300
5403.000000 0.076100
5404.000000 0.077900
5405.000000 0.079700
5406.000000 0.081600
5407.000000 0.083400
5408.000000 0.085300
5409.000000 0.087200
5410.000000 0.089000
5411.000000 0.091000
5412.000000 0.093100
5413.000000 0.095100
5414.000000 0.097100
5415.000000 0.099100
5416.000000 0.101300
5417.000000 0.103400
5418.000000 0.105600
5419.000000 0.107700
5420.000000 0.109900
5421.000000 0.112200
5422.000000 0.114600
5423.000000 0.116900
5424.000000 0.119300
5425.000000 0.121600
5426.000000 0.123900
5427.000000 0.126200
5428.000000 0.128600
5429.000000 0.130900
5430.000000 0.133200
5431.000000 0.135800
5432.000000 0.138300
5433.000000 0.140900
5434.000000 0.143400
5435.000000 0.146000
5436.000000 0.148400
5437.000000 0.150800
5438.000000 0.153200
5439.000000 0.155600
5440.000000 0.158000
5441.000000 0.160600
5442.000000 0.163300
5443.000000 0.165900
5444.000000 0.168500
5445.000000 0.171200
5446.000000 0.173700
5447.000000 0.176300
5448.000000 0.178900
5449.000000 0.181400
5450.000000 0.184000
5451.000000 0.186500
5452.000000 0.189000
5453.000000 0.191500
5454.000000 0.194000
5455.000000 0.196500
5456.000000 0.199000
5457.000000 0.201500
5458.000000 0.203900
5459.000000 0.206400
5460.000000 0.208900
5461.000000 0.211400
5462.000000 0.213900
5463.000000 0.216400
5464.000000 0.218900
5465.000000 0.221500
5466.000000 0.224000
5467.000000 0.226500
5468.000000 0.229000
5469.000000 0.231500
5470.000000 0.234000
5471.000000 0.236400
5472.000000 0.238800
5473.000000 0.241200
5474.000000 0.243600
5475.000000 0.246000
5476.000000 0.248600
5477.000000 0.251100
5478.000000 0.253600
5479.000000 0.256200
5480.000000 0.258700
5481.000000 0.261000
5482.000000 0.263400
5483.000000 0.265700
5484.000000 0.268000
5485.000000 0.270300
5486.000000 0.272900
5487.000000 0.275500
5488.000000 0.278000
5489.000000 0.280600
5490.000000 0.283100
5491.000000 0.285500
5492.000000 0.287900
5493.000000 0.290300
5494.000000 0.292600
5495.000000 0.295000
5496.000000 0.297700
5497.000000 0.300400
5498.000000 0.303200
5499.000000 0.305900
5500.000000 0.308600
5501.000000 0.311200
5502.000000 0.313700
5503.000000 0.316300
5504.000000 0.318900
5505.000000 0.321500
5506.000000 0.324100
5507.000000 0.326700
5508.000000 0.329300
5509.000000 0.331900
5510.000000 0.334500
5511.000000 0.337000
5512.000000 0.339600
5513.000000 0.342100
5514.000000 0.344600
5515.000000 0.347200
5516.000000 0.349900
5517.000000 0.352700
5518.000000 0.355400
5519.000000 0.358200
5520.000000 0.360900
5521.000000 0.363200
5522.000000 0.365500
5523.000000 0.367800
5524.000000 0.370100
5525.000000 0.372400
5526.000000 0.374600
5527.000000 0.376800
5528.000000 0.379000
5529.000000 0.381200
5530.000000 0.383400
5531.000000 0.385600
5532.000000 0.387700
5533.000000 0.389900
5534.000000 0.392100
5535.000000 0.394200
5536.000000 0.396000
5537.000000 0.397700
5538.000000 0.399500
5539.000000 0.401200
5540.000000 0.403000
5541.000000 0.404700
5542.000000 0.406400
5543.000000 0.408200
5544.000000 0.409900
5545.000000 0.411600
5546.000000 0.413200
5547.000000 0.414800
5548.000000 0.416300
5549.000000 0.417900
5550.000000 0.419400
5551.000000 0.420600
5552.000000 0.421700
5553.000000 0.422800
5554.000000 0.423900
5555.000000 0.425000
5556.000000 0.426200
5557.000000 0.427400
5558.000000 0.428500
5559.000000 0.429700
5560.000000 0.430800
5561.000000 0.431900
5562.000000 0.432900
5563.000000 0.434000
5564.000000 0.435000
5565.000000 0.436100
5566.000000 0.437000
5567.000000 0.438000
5568.000000 0.439000
5569.000000 0.439900
5570.000000 0.440900
5571.000000 0.441900
5572.000000 0.442900
5573.000000 0.444000
5574.000000 0.445000
5575.000000 0.446000
5576.000000 0.447100
5577.000000 0.448300
5578.000000 0.449400
5579.000000 0.450600
5580.000000 0.451700
5581.000000 0.452700
5582.000000 0.453700
5583.000000 0.454600
5584.000000 0.455600
5585.000000 0.456500
5586.000000 0.457600
5587.000000 0.458700
5588.000000 0.459800
5589.000000 0.460900
5590.000000 0.462000
5591.000000 0.463300
5592.000000 0.464700
5593.000000 0.466000
5594.000000 0.467300
5595.000000 0.468700
5596.000000 0.469800
5597.000000 0.470900
5598.000000 0.472100
5599.000000 0.473200
5600.000000 0.474400
5601.000000 0.475600
5602.000000 0.476900
5603.000000 0.478200
5604.000000 0.479400
5605.000000 0.480700
5606.000000 0.482100
5607.000000 0.483500
5608.000000 0.484900
5609.000000 0.486400
5610.000000 0.487800
5611.000000 0.489100
5612.000000 0.490400
5613.000000 0.491700
5614.000000 0.493000
5615.000000 0.494300
5616.000000 0.495400
5617.000000 0.496600
5618.000000 0.497700
5619.000000 0.498800
5620.000000 0.499900
5621.000000 0.501200
5622.000000 0.502600
5623.000000 0.503900
5624.000000 0.505200
5625.000000 0.506600
5626.000000 0.507500
5627.000000 0.508500
5628.000000 0.509500
5629.000000 0.510500
5630.000000 0.511400
5631.000000 0.512300
5632.000000 0.513100
5633.000000 0.513900
5634.000000 0.514800
5635.000000 0.515600
5636.000000 0.516500
5637.000000 0.517400
5638.000000 0.518200
5639.000000 0.519100
5640.000000 0.520000
5641.000000 0.520600
5642.000000 0.521200
5643.000000 0.521800
5644.000000 0.522400
5645.000000 0.523000
5646.000000 0.523700
5647.000000 0.524300
5648.000000 0.525000
5649.000000 0.525700
5650.000000 0.526300
5651.000000 0.526700
5652.000000 0.527200
5653.000000 0.527600
5654.000000 0.528000
5655.000000 0.528400
5656.000000 0.528900
5657.000000 0.529400
5658.000000 0.529900
5659.000000 0.530400
5660.000000 0.530900
5661.000000 0.531300
5662.000000 0.531600
5663.000000 0.532000
5664.000000 0.532400
5665.000000 0.532700
5666.000000 0.533100
5667.000000 0.533400
5668.000000 0.533800
5669.000000 0.534200
5670.000000 0.534500
5671.000000 0.534900
5672.000000 0.535300
5673.000000 0.535600
5674.000000 0.536000
5675.000000 0.536400
5676.000000 0.536900
5677.000000 0.537400
5678.000000 0.537900
5679.000000 0.538500
5680.000000 0.539000
5681.000000 0.539300
5682.000000 0.539700
5683.000000 0.540100
5684.000000 0.540400
5685.000000 0.540800
5686.000000 0.541200
5687.000000 0.541700
5688.000000 0.542200
5689.000000 0.542700
5690.000000 0.543100
5691.000000 0.543600
5692.000000 0.544100
5693.000000 0.544600
5694.000000 0.545100
5695.000000 0.545600
5696.000000 0.546200
5697.000000 0.546800
5698.000000 0.547400
5699.000000 0.548000
5700.000000 0.548600
5701.000000 0.549100
5702.000000 0.549600
5703.000000 0.550200
5704.000000 0.550700
5705.000000 0.551300
5706.000000 0.551700
5707.000000 0.552100
5708.000000 0.552600
5709.000000 0.553000
5710.000000 0.553400
5711.000000 0.553800
5712.000000 0.554200
5713.000000 0.554600
5714.000000 0.554900
5715.000000 0.555300
5716.000000 0.555800
5717.000000 0.556300
5718.000000 0.556800
5719.000000 0.557300
5720.000000 0.557800
5721.000000 0.558200
5722.000000 0.558600
5723.000000 0.559000
5724.000000 0.559400
5725.000000 0.559900
5726.000000 0.560200
5727.000000 0.560500
5728.000000 0.560800
5729.000000 0.561100
5730.000000 0.561400
5731.000000 0.561800
5732.000000 0.562100
5733.000000 0.562400
5734.000000 0.562800
5735.000000 0.563100
5736.000000 0.563400
5737.000000 0.563600
5738.000000 0.563900
5739.000000 0.564100
5740.000000 0.564400
5741.000000 0.564800
5742.000000 0.565300
5743.000000 0.565700
5744.000000 0.566200
5745.000000 0.566600
5746.000000 0.566600
5747.000000 0.566600
5748.000000 0.566600
5749.000000 0.566500
5750.000000 0.566500
5751.000000 0.566800
5752.000000 0.567100
5753.000000 0.567400
5754.000000 0.567700
5755.000000 0.568000
5756.000000 0.568300
5757.000000 0.568600
5758.000000 0.568900
5759.000000 0.569200
5760.000000 0.569400
5761.000000 0.569600
5762.000000 0.569700
5763.000000 0.569900
5764.000000 0.570000
5765.000000 0.570200
5766.000000 0.570400
5767.000000 0.570500
5768.000000 0.570700
5769.000000 0.570900
5770.000000 0.571000
5771.000000 0.571200
5772.000000 0.571300
5773.000000 0.571400
5774.000000 0.571600
5775.000000 0.571700
5776.000000 0.571900
5777.000000 0.572000
5778.000000 0.572200
5779.000000 0.572300
5780.000000 0.572500
5781.000000 0.572800
5782.000000 0.573000
5783.000000 0.573300
5784.000000 0.573600
5785.000000 0.573900
5786.000000 0.573900
5787.000000 0.573800
5788.000000 0.573800
5789.000000 0.573800
5790.000000 0.573800
5791.000000 0.573800
5792.000000 0.573800
5793.000000 0.573800
5794.000000 0.573800
5795.000000 0.573800
5796.000000 0.573900
5797.000000 0.573900
5798.000000 0.574000
5799.000000 0.574100
5800.000000 0.574200
5801.000000 0.574100
5802.000000 0.574100
5803.000000 0.574000
5804.000000 0.574000
5805.000000 0.574000
5806.000000 0.574100
5807.000000 0.574200
5808.000000 0.574300
5809.000000 0.574400
5810.000000 0.574500
5811.000000 0.574600
5812.000000 0.574600
5813.000000 0.574600
5814.000000 0.574600
5815.000000 0.574600
5816.000000 0.574700
5817.000000 0.574800
5818.000000 0.574900
5819.000000 0.574900
5820.000000 0.575000
5821.000000 0.575200
5822.000000 0.575300
5823.000000 0.575400
5824.000000 0.575500
5825.000000 0.575600
5826.000000 0.575800
5827.000000 0.576000
5828.000000 0.576100
5829.000000 0.576300
5830.000000 0.576400
5831.000000 0.576600
5832.000000 0.576900
5833.000000 0.577100
5834.000000 0.577300
5835.000000 0.577500
5836.000000 0.577600
5837.000000 0.577700
5838.000000 0.577900
5839.000000 0.578000
5840.000000 0.578100
5841.000000 0.578300
5842.000000 0.578500
5843.000000 0.578700
5844.000000 0.578900
5845.000000 0.579100
5846.000000 0.579300
5847.000000 0.579500
5848.000000 0.579700
5849.000000 0.579900
5850.000000 0.580100
5851.000000 0.580300
5852.000000 0.580400
5853.000000 0.580600
5854.000000 0.580800
5855.000000 0.581000
5856.000000 0.581200
5857.000000 0.581500
5858.000000 0.581800
5859.000000 0.582100
5860.000000 0.582400
5861.000000 0.582600
5862.000000 0.582800
5863.000000 0.583000
5864.000000 0.583200
5865.000000 0.583400
5866.000000 0.583600
5867.000000 0.583700
5868.000000 0.583800
5869.000000 0.584000
5870.000000 0.584100
5871.000000 0.584100
5872.000000 0.584200
5873.000000 0.584200
5874.000000 0.584200
5875.000000 0.584200
5876.000000 0.584200
5877.000000 0.584200
5878.000000 0.584200
5879.000000 0.584200
5880.000000 0.584200
5881.000000 0.584200
5882.000000 0.584300
5883.000000 0.584400
5884.000000 0.584500
5885.000000 0.584600
5886.000000 0.584300
5887.000000 0.584100
5888.000000 0.583800
5889.000000 0.583600
5890.000000 0.583300
5891.000000 0.583100
5892.000000 0.582900
5893.000000 0.582700
5894.000000 0.582500
5895.000000 0.582300
5896.000000 0.582100
5897.000000 0.581900
5898.000000 0.581600
5899.000000 0.581400
5900.000000 0.581200
5901.000000 0.581200
5902.000000 0.581100
5903.000000 0.581100
5904.000000 0.581100
5905.000000 0.581000
5906.000000 0.580700
5907.000000 0.580400
5908.000000 0.580100
5909.000000 0.579800
5910.000000 0.579500
5911.000000 0.579400
5912.000000 0.579200
5913.000000 0.579100
5914.000000 0.578900
5915.000000 0.578800
5916.000000 0.578700
5917.000000 0.578500
5918.000000 0.578400
5919.000000 0.578300
5920.000000 0.578100
5921.000000 0.578100
5922.000000 0.578000
5923.000000 0.577900
5924.000000 0.577800
5925.000000 0.577700
5926.000000 0.577800
5927.000000 0.577900
5928.000000 0.577900
5929.000000 0.578000
5930.000000 0.578000
5931.000000 0.578100
5932.000000 0.578200
5933.000000 0.578300
5934.000000 0.578300
5935.000000 0.578400
5936.000000 0.578700
5937.000000 0.578900
5938.000000 0.579200
5939.000000 0.579400
5940.000000 0.579700
5941.000000 0.579900
5942.000000 0.580200
5943.000000 0.580400
5944.000000 0.580700
5945.000000 0.580900
5946.000000 0.581200
5947.000000 0.581600
5948.000000 0.581900
5949.000000 0.582200
5950.000000 0.582500
5951.000000 0.582700
5952.000000 0.583000
5953.000000 0.583300
5954.000000 0.583500
5955.000000 0.583800
5956.000000 0.584200
5957.000000 0.584700
5958.000000 0.585100
5959.000000 0.585600
5960.000000 0.586000
5961.000000 0.586300
5962.000000 0.586600
5963.000000 0.586900
5964.000000 0.587200
5965.000000 0.587500
5966.000000 0.587800
5967.000000 0.588200
5968.000000 0.588600
5969.000000 0.589000
5970.000000 0.589400
5971.000000 0.589600
5972.000000 0.589800
5973.000000 0.590000
5974.000000 0.590300
5975.000000 0.590500
5976.000000 0.590700
5977.000000 0.590900
5978.000000 0.591100
5979.000000 0.591300
5980.000000 0.591500
5981.000000 0.591700
5982.000000 0.591800
5983.000000 0.592000
5984.000000 0.592200
5985.000000 0.592400
5986.000000 0.592400
5987.000000 0.592500
5988.000000 0.592500
5989.000000 0.592500
5990.000000 0.592500
5991.000000 0.592500
5992.000000 0.592600
5993.000000 0.592600
5994.000000 0.592700
5995.000000 0.592700
5996.000000 0.592600
5997.000000 0.592600
5998.000000 0.592500
5999.000000 0.592400
6000.000000 0.592400
6001.000000 0.592200
6002.000000 0.592100
6003.000000 0.591900
6004.000000 0.591800
6005.000000 0.591700
6006.000000 0.591500
6007.000000 0.591400
6008.000000 0.591300
6009.000000 0.591200
6010.000000 0.591100
6011.000000 0.591000
6012.000000 0.590900
6013.000000 0.590800
6014.000000 0.590700
6015.000000 0.590600
6016.000000 0.590500
6017.000000 0.590500
6018.000000 0.590400
6019.000000 0.590400
6020.000000 0.590300
6021.000000 0.590300
6022.000000 0.590300
6023.000000 0.590300
6024.000000 0.590300
6025.000000 0.590200
6026.000000 0.590200
6027.000000 0.590200
6028.000000 0.590100
6029.000000 0.590100
6030.000000 0.590000
6031.000000 0.590200
6032.000000 0.590400
6033.000000 0.590500
6034.000000 0.590700
6035.000000 0.590800
6036.000000 0.591000
6037.000000 0.591100
6038.000000 0.591200
6039.000000 0.591400
6040.000000 0.591500
6041.000000 0.591800
6042.000000 0.592200
6043.000000 0.592500
6044.000000 0.592900
6045.000000 0.593200
6046.000000 0.593500
6047.000000 0.593800
6048.000000 0.594100
6049.000000 0.594500
6050.000000 0.594800
6051.000000 0.595100
6052.000000 0.595400
6053.000000 0.595800
6054.000000 0.596100
6055.000000 0.596400
6056.000000 0.596800
6057.000000 0.597200
6058.000000 0.597600
6059.000000 0.598000
6060.000000 0.598400
6061.000000 0.598800
6062.000000 0.599300
6063.000000 0.599700
6064.000000 0.600200
6065.000000 0.600600
6066.000000 0.601000
6067.000000 0.601400
6068.000000 0.601800
6069.000000 0.602200
6070.000000 0.602600
6071.000000 0.603000
6072.000000 0.603400
6073.000000 0.603800
6074.000000 0.604200
6075.000000 0.604600
6076.000000 0.604900
6077.000000 0.605200
6078.000000 0.605500
6079.000000 0.605800
6080.000000 0.606100
6081.000000 0.606400
6082.000000 0.606600
6083.000000 0.606900
6084.000000 0.607100
6085.000000 0.607400
6086.000000 0.607700
6087.000000 0.608000
6088.000000 0.608300
6089.000000 0.608600
6090.000000 0.608800
6091.000000 0.608900
6092.000000 0.609000
6093.000000 0.609000
6094.000000 0.609100
6095.000000 0.609100
6096.000000 0.609300
6097.000000 0.609400
6098.000000 0.609500
6099.000000 0.609600
6100.000000 0.609700
6101.000000 0.609600
6102.000000 0.609600
6103.000000 0.609500
6104.000000 0.609400
6105.000000 0.609400
6106.000000 0.609200
6107.000000 0.609100
6108.000000 0.609000
6109.000000 0.608900
6110.000000 0.608800
6111.000000 0.608600
6112.000000 0.608500
6113.000000 0.608400
6114.000000 0.608200
6115.000000 0.608100
6116.000000 0.608000
6117.000000 0.607900
6118.000000 0.607800
6119.000000 0.607800
6120.000000 0.607700
6121.000000 0.607500
6122.000000 0.607400
6123.000000 0.607300
6124.000000 0.607100
6125.000000 0.607000
6126.000000 0.606900
6127.000000 0.606800
6128.000000 0.606600
6129.000000 0.606500
6130.000000 0.606400
6131.000000 0.606300
6132.000000 0.606300
6133.000000 0.606200
6134.000000 0.606100
6135.000000 0.606100
6136.000000 0.606000
6137.000000 0.605900
6138.000000 0.605800
6139.000000 0.605800
6140.000000 0.605700
6141.000000 0.605700
6142.000000 0.605800
6143.000000 0.605900
6144.000000 0.605900
6145.000000 0.606000
6146.000000 0.605900
6147.000000 0.605900
6148.000000 0.605900
6149.000000 0.605900
6150.000000 0.605800
6151.000000 0.606000
6152.000000 0.606200
6153.000000 0.606400
6154.000000 0.606600
6155.000000 0.606800
6156.000000 0.607000
6157.000000 0.607200
6158.000000 0.607300
6159.000000 0.607500
6160.000000 0.607700
6161.000000 0.607900
6162.000000 0.608100
6163.000000 0.608300
6164.000000 0.608600
6165.000000 0.608800
6166.000000 0.609000
6167.000000 0.609200
6168.000000 0.609400
6169.000000 0.609600
6170.000000 0.609800
6171.000000 0.610100
6172.000000 0.610400
6173.000000 0.610600
6174.000000 0.610900
6175.000000 0.611200
6176.000000 0.611500
6177.000000 0.611700
6178.000000 0.612000
6179.000000 0.612300
6180.000000 0.612500
6181.000000 0.612800
6182.000000 0.613000
6183.000000 0.613200
6184.000000 0.613400
6185.000000 0.613600
6186.000000 0.613900
6187.000000 0.614200
6188.000000 0.614400
6189.000000 0.614700
6190.000000 0.615000
6191.000000 0.615200
6192.000000 0.615400
6193.000000 0.615600
6194.000000 0.615800
6195.000000 0.616000
6196.000000 0.616100
6197.000000 0.616300
6198.000000 0.616400
6199.000000 0.616600
6200.000000 0.616700
6201.000000 0.616900
6202.000000 0.617100
6203.000000 0.617300
6204.000000 0.617500
6205.000000 0.617700
6206.000000 0.617700
6207.000000 0.617600
6208.000000 0.617600
6209.000000 0.617600
6210.000000 0.617600
6211.000000 0.617800
6212.000000 0.618000
6213.000000 0.618200
6214.000000 0.618400
6215.000000 0.618600
6216.000000 0.618600
6217.000000 0.618600
6218.000000 0.618600
6219.000000 0.618600
6220.000000 0.618600
6221.000000 0.618600
6222.000000 0.618700
6223.000000 0.618700
6224.000000 0.618700
6225.000000 0.618800
6226.000000 0.618800
6227.000000 0.618900
6228.000000 0.619000
6229.000000 0.619100
6230.000000 0.619100
6231.000000 0.619200
6232.000000 0.619200
6233.000000 0.619200
6234.000000 0.619200
6235.000000 0.619200
6236.000000 0.619300
6237.000000 0.619400
6238.000000 0.619400
6239.000000 0.619500
6240.000000 0.619600
6241.000000 0.619600
6242.000000 0.619600
6243.000000 0.619600
6244.000000 0.619700
6245.000000 0.619700
6246.000000 0.619700
6247.000000 0.619800
6248.000000 0.619800
6249.000000 0.619900
6250.000000 0.620000
6251.000000 0.620000
6252.000000 0.620100
6253.000000 0.620100
6254.000000 0.620200
6255.000000 0.620300
6256.000000 0.620400
6257.000000 0.620500
6258.000000 0.620500
6259.000000 0.620600
6260.000000 0.620700
6261.000000 0.620800
6262.000000 0.620900
6263.000000 0.621000
6264.000000 0.621100
6265.000000 0.621200
6266.000000 0.621200
6267.000000 0.621300
6268.000000 0.621300
6269.000000 0.621300
6270.000000 0.621300
6271.000000 0.621400
6272.000000 0.621400
6273.000000 0.621400
6274.000000 0.621500
6275.000000 0.621500
6276.000000 0.621600
6277.000000 0.621600
6278.000000 0.621700
6279.000000 0.621700
6280.000000 0.621800
6281.000000 0.621900
6282.000000 0.621900
6283.000000 0.622000
6284.000000 0.622100
6285.000000 0.622200
6286.000000 0.622100
6287.000000 0.622000
6288.000000 0.621900
6289.000000 0.621800
6290.000000 0.621800
6291.000000 0.621800
6292.000000 0.621800
6293.000000 0.621800
6294.000000 0.621900
6295.000000 0.621900
6296.000000 0.621800
6297.000000 0.621700
6298.000000 0.621700
6299.000000 0.621600
6300.000000 0.621500
6301.000000 0.621500
6302.000000 0.621400
6303.000000 0.621400
6304.000000 0.621400
6305.000000 0.621300
6306.000000 0.621300
6307.000000 0.621300
6308.000000 0.621200
6309.000000 0.621200
6310.000000 0.621200
6311.000000 0.621000
6312.000000 0.620900
6313.000000 0.620700
6314.000000 0.620500
6315.000000 0.620300
6316.000000 0.620400
6317.000000 0.620400
6318.000000 0.620500
6319.000000 0.620500
6320.000000 0.620600
6321.000000 0.620500
6322.000000 0.620400
6323.000000 0.620300
6324.000000 0.620200
6325.000000 0.620100
6326.000000 0.620100
6327.000000 0.620100
6328.000000 0.620100
6329.000000 0.620000
6330.000000 0.620000
6331.000000 0.620000
6332.000000 0.620100
6333.000000 0.620100
6334.000000 0.620100
6335.000000 0.620100
6336.000000 0.620100
6337.000000 0.620000
6338.000000 0.619900
6339.000000 0.619800
6340.000000 0.619700
6341.000000 0.619800
6342.000000 0.619800
6343.000000 0.619800
6344.000000 0.619900
6345.000000 0.619900
6346.000000 0.620000
6347.000000 0.620000
6348.000000 0.620100
6349.000000 0.620200
6350.000000 0.620200
6351.000000 0.620300
6352.000000 0.620400
6353.000000 0.620500
6354.000000 0.620500
6355.000000 0.620600
6356.000000 0.620700
6357.000000 0.620800
6358.000000 0.620800
6359.000000 0.620900
6360.000000 0.621000
6361.000000 0.621100
6362.000000 0.621200
6363.000000 0.621300
6364.000000 0.621400
6365.000000 0.621400
6366.000000 0.621500
6367.000000 0.621500
6368.000000 0.621600
6369.000000 0.621600
6370.000000 0.621600
6371.000000 0.621700
6372.000000 0.621800
6373.000000 0.621900
6374.000000 0.621900
6375.000000 0.622000
6376.000000 0.622100
6377.000000 0.622100
6378.000000 0.622200
6379.000000 0.622300
6380.000000 0.622300
6381.000000 0.622300
6382.000000 0.622300
6383.000000 0.622300
6384.000000 0.622300
6385.000000 0.622200
6386.000000 0.622300
6387.000000 0.622300
6388.000000 0.622300
6389.000000 0.622400
6390.000000 0.622400
6391.000000 0.622400
6392.000000 0.622400
6393.000000 0.622400
6394.000000 0.622400
6395.000000 0.622400
6396.000000 0.622300
6397.000000 0.622300
6398.000000 0.622200
6399.000000 0.622200
6400.000000 0.622100
6401.000000 0.622000
6402.000000 0.622000
6403.000000 0.621900
6404.000000 0.621800
6405.000000 0.621700
6406.000000 0.621600
6407.000000 0.621600
6408.000000 0.621500
6409.000000 0.621400
6410.000000 0.621300
6411.000000 0.621200
6412.000000 0.621100
6413.000000 0.621000
6414.000000 0.620800
6415.000000 0.620700
6416.000000 0.620600
6417.000000 0.620400
6418.000000 0.620300
6419.000000 0.620100
6420.000000 0.620000
6421.000000 0.619900
6422.000000 0.619800
6423.000000 0.619600
6424.000000 0.619500
6425.000000 0.619400
6426.000000 0.619300
6427.000000 0.619200
6428.000000 0.619100
6429.000000 0.619100
6430.000000 0.619000
6431.000000 0.618800
6432.000000 0.618700
6433.000000 0.618500
6434.000000 0.618400
6435.000000 0.618300
6436.000000 0.618200
6437.000000 0.618200
6438.000000 0.618100
6439.000000 0.618100
6440.000000 0.618100
6441.000000 0.618100
6442.000000 0.618100
6443.000000 0.618100
6444.000000 0.618100
6445.000000 0.618100
6446.000000 0.618000
6447.000000 0.617900
6448.000000 0.617800
6449.000000 0.617700
6450.000000 0.617600
6451.000000 0.617500
6452.000000 0.617500
6453.000000 0.617500
6454.000000 0.617400
6455.000000 0.617400
6456.000000 0.617400
6457.000000 0.617400
6458.000000 0.617400
6459.000000 0.617500
6460.000000 0.617500
6461.000000 0.617400
6462.000000 0.617400
6463.000000 0.617300
6464.000000 0.617300
6465.000000 0.617200
6466.000000 0.617200
6467.000000 0.617200
6468.000000 0.617100
6469.000000 0.617100
6470.000000 0.617100
6471.000000 0.617100
6472.000000 0.617100
6473.000000 0.617200
6474.000000 0.617200
6475.000000 0.617200
6476.000000 0.617200
6477.000000 0.617100
6478.000000 0.617100
6479.000000 0.617000
6480.000000 0.616900
6481.000000 0.616900
6482.000000 0.616800
6483.000000 0.616700
6484.000000 0.616600
6485.000000 0.616500
6486.000000 0.616400
6487.000000 0.616400
6488.000000 0.616300
6489.000000 0.616300
6490.000000 0.616200
6491.000000 0.616000
6492.000000 0.615700
6493.000000 0.615500
6494.000000 0.615300
6495.000000 0.615000
6496.000000 0.614900
6497.000000 0.614700
6498.000000 0.614600
6499.000000 0.614500
6500.000000 0.614300
6501.000000 0.614200
6502.000000 0.614000
6503.000000 0.613900
6504.000000 0.613700
6505.000000 0.613500
6506.000000 0.613300
6507.000000 0.613000
6508.000000 0.612800
6509.000000 0.612500
6510.000000 0.612200
6511.000000 0.612000
6512.000000 0.611800
6513.000000 0.611600
6514.000000 0.611400
6515.000000 0.611200
6516.000000 0.610900
6517.000000 0.610700
6518.000000 0.610400
6519.000000 0.610100
6520.000000 0.609800
6521.000000 0.609600
6522.000000 0.609300
6523.000000 0.609000
6524.000000 0.608700
6525.000000 0.608400
6526.000000 0.608200
6527.000000 0.608000
6528.000000 0.607800
6529.000000 0.607600
6530.000000 0.607400
6531.000000 0.607100
6532.000000 0.606900
6533.000000 0.606700
6534.000000 0.606500
6535.000000 0.606300
6536.000000 0.606200
6537.000000 0.606100
6538.000000 0.605900
6539.000000 0.605800
6540.000000 0.605700
6541.000000 0.605600
6542.000000 0.605400
6543.000000 0.605200
6544.000000 0.605000
6545.000000 0.604900
6546.000000 0.604800
6547.000000 0.604700
6548.000000 0.604600
6549.000000 0.604500
6550.000000 0.604400
6551.000000 0.604400
6552.000000 0.604300
6553.000000 0.604200
6554.000000 0.604100
6555.000000 0.604100
6556.000000 0.604200
6557.000000 0.604300
6558.000000 0.604400
6559.000000 0.604500
6560.000000 0.604600
6561.000000 0.604800
6562.000000 0.604900
6563.000000 0.605100
6564.000000 0.605200
6565.000000 0.605400
6566.000000 0.605500
6567.000000 0.605600
6568.000000 0.605700
6569.000000 0.605800
6570.000000 0.605900
6571.000000 0.606100
6572.000000 0.606400
6573.000000 0.606700
6574.000000 0.606900
6575.000000 0.607200
6576.000000 0.607400
6577.000000 0.607600
6578.000000 0.607800
6579.000000 0.608000
6580.000000 0.608200
6581.000000 0.608500
6582.000000 0.608700
6583.000000 0.609000
6584.000000 0.609300
6585.000000 0.609500
6586.000000 0.609700
6587.000000 0.610000
6588.000000 0.610200
6589.000000 0.610400
6590.000000 0.610600
6591.000000 0.611000
6592.000000 0.611400
6593.000000 0.611700
6594.000000 0.612100
6595.000000 0.612500
6596.000000 0.612700
6597.000000 0.612900
6598.000000 0.613100
6599.000000 0.613400
6600.000000 0.613600
6601.000000 0.613700
6602.000000 0.613900
6603.000000 0.614000
6604.000000 0.614100
6605.000000 0.614300
6606.000000 0.614400
6607.000000 0.614500
6608.000000 0.614600
6609.000000 0.614700
6610.000000 0.614800
6611.000000 0.614800
6612.000000 0.614800
6613.000000 0.614900
6614.000000 0.614900
6615.000000 0.615000
6616.000000 0.614900
6617.000000 0.614800
6618.000000 0.614700
6619.000000 0.614700
6620.000000 0.614600
6621.000000 0.614500
6622.000000 0.614300
6623.000000 0.614200
6624.000000 0.614100
6625.000000 0.614000
6626.000000 0.613800
6627.000000 0.613600
6628.000000 0.613400
6629.000000 0.613200
6630.000000 0.613000
6631.000000 0.612800
6632.000000 0.612600
6633.000000 0.612400
6634.000000 0.612100
6635.000000 0.611900
6636.000000 0.611500
6637.000000 0.611100
6638.000000 0.610700
6639.000000 0.610300
6640.000000 0.609900
6641.000000 0.609500
6642.000000 0.609200
6643.000000 0.608800
6644.000000 0.608400
6645.000000 0.608100
6646.000000 0.607600
6647.000000 0.607200
6648.000000 0.606800
6649.000000 0.606400
6650.000000 0.606000
6651.000000 0.605600
6652.000000 0.605200
6653.000000 0.604800
6654.000000 0.604400
6655.000000 0.603900
6656.000000 0.603500
6657.000000 0.603000
6658.000000 0.602500
6659.000000 0.602100
6660.000000 0.601600
6661.000000 0.601200
6662.000000 0.600800
6663.000000 0.600400
6664.000000 0.600000
6665.000000 0.599600
6666.000000 0.599300
6667.000000 0.599000
6668.000000 0.598700
6669.000000 0.598400
6670.000000 0.598000
6671.000000 0.597800
6672.000000 0.597500
6673.000000 0.597200
6674.000000 0.597000
6675.000000 0.596700
6676.000000 0.596500
6677.000000 0.596300
6678.000000 0.596100
6679.000000 0.595800
6680.000000 0.595600
6681.000000 0.595500
6682.000000 0.595400
6683.000000 0.595400
6684.000000 0.595300
6685.000000 0.595200
6686.000000 0.595100
6687.000000 0.595100
6688.000000 0.595000
6689.000000 0.595000
6690.000000 0.594900
6691.000000 0.594900
6692.000000 0.594800
6693.000000 0.594800
6694.000000 0.594700
6695.000000 0.594700
6696.000000 0.594800
6697.000000 0.594900
6698.000000 0.595000
6699.000000 0.595100
6700.000000 0.595200
6701.000000 0.595200
6702.000000 0.595200
6703.000000 0.595100
6704.000000 0.595100
6705.000000 0.595100
6706.000000 0.595200
6707.000000 0.595400
6708.000000 0.595500
6709.000000 0.595700
6710.000000 0.595800
6711.000000 0.596200
6712.000000 0.596600
6713.000000 0.596900
6714.000000 0.597300
6715.000000 0.597700
6716.000000 0.597800
6717.000000 0.598000
6718.000000 0.598200
6719.000000 0.598400
6720.000000 0.598600
6721.000000 0.598800
6722.000000 0.599000
6723.000000 0.599100
6724.000000 0.599300
6725.000000 0.599500
6726.000000 0.599800
6727.000000 0.600100
6728.000000 0.600400
6729.000000 0.600600
6730.000000 0.600900
6731.000000 0.601100
6732.000000 0.601300
6733.000000 0.601400
6734.000000 0.601600
6735.000000 0.601800
6736.000000 0.601900
6737.000000 0.602100
6738.000000 0.602300
6739.000000 0.602500
6740.000000 0.602600
6741.000000 0.602800
6742.000000 0.603000
6743.000000 0.603200
6744.000000 0.603300
6745.000000 0.603500
6746.000000 0.603700
6747.000000 0.604000
6748.000000 0.604200
6749.000000 0.604400
6750.000000 0.604700
6751.000000 0.604700
6752.000000 0.604700
6753.000000 0.604700
6754.000000 0.604700
6755.000000 0.604700
6756.000000 0.604700
6757.000000 0.604700
6758.000000 0.604700
6759.000000 0.604700
6760.000000 0.604700
6761.000000 0.604700
6762.000000 0.604800
6763.000000 0.604800
6764.000000 0.604800
6765.000000 0.604800
6766.000000 0.604700
6767.000000 0.604600
6768.000000 0.604500
6769.000000 0.604400
6770.000000 0.604300
6771.000000 0.604400
6772.000000 0.604400
6773.000000 0.604500
6774.000000 0.604600
6775.000000 0.604600
6776.000000 0.604600
6777.000000 0.604500
6778.000000 0.604400
6779.000000 0.604400
6780.000000 0.604300
6781.000000 0.604000
6782.000000 0.603700
6783.000000 0.603400
6784.000000 0.603100
6785.000000 0.602900
6786.000000 0.602800
6787.000000 0.602700
6788.000000 0.602600
6789.000000 0.602500
6790.000000 0.602400
6791.000000 0.602100
6792.000000 0.601800
6793.000000 0.601600
6794.000000 0.601300
6795.000000 0.601000
6796.000000 0.600900
6797.000000 0.600700
6798.000000 0.600600
6799.000000 0.600500
6800.000000 0.600300
6801.000000 0.600200
6802.000000 0.600200
6803.000000 0.600100
6804.000000 0.600100
6805.000000 0.600000
6806.000000 0.599400
6807.000000 0.598900
6808.000000 0.598300
6809.000000 0.597800
6810.000000 0.597300
6811.000000 0.596800
6812.000000 0.596300
6813.000000 0.595800
6814.000000 0.595400
6815.000000 0.594900
6816.000000 0.594500
6817.000000 0.594000
6818.000000 0.593600
6819.000000 0.593100
6820.000000 0.592700
6821.000000 0.592300
6822.000000 0.592000
6823.000000 0.591700
6824.000000 0.591300
6825.000000 0.591000
6826.000000 0.590500
6827.000000 0.590100
6828.000000 0.589700
6829.000000 0.589200
6830.000000 0.588800
6831.000000 0.588000
6832.000000 0.587300
6833.000000 0.586500
6834.000000 0.585700
6835.000000 0.584900
6836.000000 0.584200
6837.000000 0.583400
6838.000000 0.582700
6839.000000 0.581900
6840.000000 0.581200
6841.000000 0.580400
6842.000000 0.579700
6843.000000 0.579000
6844.000000 0.578300
6845.000000 0.577500
6846.000000 0.576700
6847.000000 0.575800
6848.000000 0.574900
6849.000000 0.574000
6850.000000 0.573100
6851.000000 0.572300
6852.000000 0.571400
6853.000000 0.570600
6854.000000 0.569800
6855.000000 0.569000
6856.000000 0.568300
6857.000000 0.567700
6858.000000 0.567100
6859.000000 0.566400
6860.000000 0.565800
6861.000000 0.565100
6862.000000 0.564400
6863.000000 0.563700
6864.000000 0.563000
6865.000000 0.562300
6866.000000 0.561600
6867.000000 0.560800
6868.000000 0.560100
6869.000000 0.559400
6870.000000 0.558600
6871.000000 0.558100
6872.000000 0.557500
6873.000000 0.556900
6874.000000 0.556300
6875.000000 0.555700
6876.000000 0.554900
6877.000000 0.554100
6878.000000 0.553300
6879.000000 0.552400
6880.000000 0.551600
6881.000000 0.551500
6882.000000 0.551300
6883.000000 0.551200
6884.000000 0.551100
6885.000000 0.551000
6886.000000 0.550800
6887.000000 0.550600
6888.000000 0.550400
6889.000000 0.550200
6890.000000 0.550100
6891.000000 0.550000
6892.000000 0.550000
6893.000000 0.550000
6894.000000 0.550000
6895.000000 0.549900
6896.000000 0.550000
6897.000000 0.550000
6898.000000 0.550100
6899.000000 0.550100
6900.000000 0.550100
6901.000000 0.550100
6902.000000 0.550100
6903.000000 0.550100
6904.000000 0.550100
6905.000000 0.550100
6906.000000 0.550600
6907.000000 0.551100
6908.000000 0.551600
6909.000000 0.552100
6910.000000 0.552600
6911.000000 0.553200
6912.000000 0.553900
6913.000000 0.554500
6914.000000 0.555200
6915.000000 0.555800
6916.000000 0.556400
6917.000000 0.557000
6918.000000 0.557600
6919.000000 0.558200
6920.000000 0.558800
6921.000000 0.559400
6922.000000 0.560100
6923.000000 0.560700
6924.000000 0.561400
6925.000000 0.562000
6926.000000 0.562700
6927.000000 0.563300
6928.000000 0.563900
6929.000000 0.564600
6930.000000 0.565200
6931.000000 0.565800
6932.000000 0.566400
6933.000000 0.567000
6934.000000 0.567600
6935.000000 0.568200
6936.000000 0.568800
6937.000000 0.569400
6938.000000 0.570100
6939.000000 0.570700
6940.000000 0.571300
6941.000000 0.571900
6942.000000 0.572400
6943.000000 0.573000
6944.000000 0.573500
6945.000000 0.574100
6946.000000 0.574600
6947.000000 0.575000
6948.000000 0.575500
6949.000000 0.576000
6950.000000 0.576400
6951.000000 0.576900
6952.000000 0.577400
6953.000000 0.577800
6954.000000 0.578300
6955.000000 0.578800
6956.000000 0.578800
6957.000000 0.578900
6958.000000 0.579000
6959.000000 0.579000
6960.000000 0.579100
6961.000000 0.579500
6962.000000 0.579800
6963.000000 0.580200
6964.000000 0.580600
6965.000000 0.581000
6966.000000 0.581300
6967.000000 0.581600
6968.000000 0.581900
6969.000000 0.582300
6970.000000 0.582600
6971.000000 0.582800
6972.000000 0.583000
6973.000000 0.583300
6974.000000 0.583500
6975.000000 0.583700
6976.000000 0.583700
6977.000000 0.583600
6978.000000 0.583600
6979.000000 0.583600
6980.000000 0.583600
6981.000000 0.582600
6982.000000 0.581700
6983.000000 0.580800
6984.000000 0.579800
6985.000000 0.578900
6986.000000 0.576500
6987.000000 0.574100
6988.000000 0.571700
6989.000000 0.569300
6990.000000 0.566900
6991.000000 0.561900
6992.000000 0.556900
6993.000000 0.551900
6994.000000 0.546900
6995.000000 0.541900
6996.000000 0.533300
6997.000000 0.524700
6998.000000 0.516100
6999.000000 0.507500
7000.000000 0.498900
7001.000000 0.486700
7002.000000 0.474400
7003.000000 0.462200
7004.000000 0.449900
7005.000000 0.437600
7006.000000 0.422200
7007.000000 0.406700
7008.000000 0.391300
7009.000000 0.375800
7010.000000 0.360300
7011.000000 0.344300
7012.000000 0.328300
7013.000000 0.312300
7014.000000 0.296200
7015.000000 0.280200
7016.000000 0.265500
7017.000000 0.250800
7018.000000 0.236100
7019.000000 0.221400
7020.000000 0.206700
7021.000000 0.194600
7022.000000 0.182500
7023.000000 0.170300
7024.000000 0.158200
7025.000000 0.146100
7026.000000 0.137000
7027.000000 0.128000
7028.000000 0.119000
7029.000000 0.109900
7030.000000 0.100900
7031.000000 0.094500
7032.000000 0.088100
7033.000000 0.081700
7034.000000 0.075400
7035.000000 0.069000
7036.000000 0.064600
7037.000000 0.060200
7038.000000 0.055900
7039.000000 0.051500
7040.000000 0.047100
7041.000000 0.044200
7042.000000 0.041300
7043.000000 0.038400
7044.000000 0.035600
7045.000000 0.032700
7046.000000 0.030600
7047.000000 0.028600
7048.000000 0.026500
7049.000000 0.024500
7050.000000 0.022500
7051.000000 0.021100
7052.000000 0.019700
7053.000000 0.018300
7054.000000 0.017000
7055.000000 0.015600
7056.000000 0.014800
7057.000000 0.013900
7058.000000 0.013100
7059.000000 0.012300
7060.000000 0.011400
7061.000000 0.010700
7062.000000 0.010000
7063.000000 0.009300
7064.000000 0.008600
7065.000000 0.007900
7066.000000 0.007500
7067.000000 0.007100
7068.000000 0.006600
7069.000000 0.006200
7070.000000 0.005800
7071.000000 0.005500
7072.000000 0.005300
7073.000000 0.005100
7074.000000 0.004800
7075.000000 0.004600
7076.000000 0.004200
7077.000000 0.003900
7078.000000 0.003600
7079.000000 0.003300
7080.000000 0.003000
7081.000000 0.002800
7082.000000 0.002700
7083.000000 0.002600
7084.000000 0.002400
7085.000000 0.002300
7086.000000 0.002300
7087.000000 0.002200
7088.000000 0.002100
7089.000000 0.002100
7090.000000 0.002000
7091.000000 0.001800
7092.000000 0.001600
7093.000000 0.001500
7094.000000 0.001300
7095.000000 0.001100
7096.000000 0.001100
7097.000000 0.001100
7098.000000 0.001100
7099.000000 0.001100
7100.000000 0.001200
7101.000000 0.001100
7102.000000 0.001100
7103.000000 0.001100
7104.000000 0.001100
7105.000000 0.001100
7106.000000 0.001000
7107.000000 0.001000
7108.000000 0.000900
7109.000000 0.000900
7110.000000 0.000800
7111.000000 0.000700
7112.000000 0.000700
7113.000000 0.000600
7114.000000 0.000500
7115.000000 0.000500
7116.000000 0.000400
7117.000000 0.000400
7118.000000 0.000400
7119.000000 0.000400
7120.000000 0.000400
7121.000000 0.000400
7122.000000 0.000400
7123.000000 0.000400
7124.000000 0.000400
7125.000000 0.000400
7126.000000 0.000400
7127.000000 0.000400
7128.000000 0.000400
7129.000000 0.000300
7130.000000 0.000300
7131.000000 0.000300
7132.000000 0.000200
7133.000000 0.000200
7134.000000 0.000100
7135.000000 0.000100
7136.000000 0.000100
7137.000000 0.000100
7138.000000 0.000100
7139.000000 0.000200
7140.000000 0.000200
7141.000000 0.000200
7142.000000 0.000200
7143.000000 0.000100
7144.000000 0.000100
7145.000000 0.000100
7146.000000 0.000100
7147.000000 0.000100
