6678.000000 0.000100
6679.000000 0.000100
6680.000000 0.000100
6681.000000 0.000100
6682.000000 0.000100
6683.000000 0.000100
6684.000000 0.000100
6685.000000 0.000100
6686.000000 0.000100
6687.000000 0.000100
6688.000000 0.000200
6689.000000 0.000200
6690.000000 0.000200
6691.000000 0.000200
6692.000000 0.000200
6693.000000 0.000300
6694.000000 0.000300
6695.000000 0.000300
6696.000000 0.000400
6697.000000 0.000400
6698.000000 0.000500
6699.000000 0.000500
6700.000000 0.000600
6701.000000 0.000700
6702.000000 0.000800
6703.000000 0.000900
6704.000000 0.001100
6705.000000 0.001200
6706.000000 0.001400
6707.000000 0.001600
6708.000000 0.001900
6709.000000 0.002200
6710.000000 0.002500
6711.000000 0.002900
6712.000000 0.003300
6713.000000 0.003900
6714.000000 0.004600
6715.000000 0.005400
6716.000000 0.006300
6717.000000 0.007500
6718.000000 0.008800
6719.000000 0.010400
6720.000000 0.012400
6721.000000 0.014600
6722.000000 0.017500
6723.000000 0.020800
6724.000000 0.025200
6725.000000 0.030100
6726.000000 0.037000
6727.000000 0.044700
6728.000000 0.054500
6729.000000 0.065300
6730.000000 0.079600
6731.000000 0.096000
6732.000000 0.116300
6733.000000 0.138700
6734.000000 0.165400
6735.000000 0.198100
6736.000000 0.231600
6737.000000 0.271600
6738.000000 0.311200
6739.000000 0.357900
6740.000000 0.397400
6741.000000 0.438200
6742.000000 0.471800
6743.000000 0.504100
6744.000000 0.530500
6745.000000 0.552500
6746.000000 0.569400
6747.000000 0.582400
6748.000000 0.592500
6749.000000 0.598500
6750.000000 0.602700
6751.000000 0.605500
6752.000000 0.606900
6753.000000 0.607900
6754.000000 0.608100
6755.000000 0.608100
6756.000000 0.609100
6757.000000 0.608600
6758.000000 0.608500
6759.000000 0.609300
6760.000000 0.609000
6761.000000 0.609200
6762.000000 0.609900
6763.000000 0.609400
6764.000000 0.609000
6765.000000 0.609000
6766.000000 0.609100
6767.000000 0.609200
6768.000000 0.608300
6769.000000 0.608000
6770.000000 0.607600
6771.000000 0.607100
6772.000000 0.606800
6773.000000 0.606700
6774.000000 0.605500
6775.000000 0.605300
6776.000000 0.604700
6777.000000 0.604000
6778.000000 0.604400
6779.000000 0.604100
6780.000000 0.604600
6781.000000 0.604200
6782.000000 0.603400
6783.000000 0.603500
6784.000000 0.603600
6785.000000 0.603900
6786.000000 0.604700
6787.000000 0.604400
6788.000000 0.604600
6789.000000 0.605100
6790.000000 0.605400
6791.000000 0.606000
6792.000000 0.606400
6793.000000 0.606700
6794.000000 0.607500
6795.000000 0.607500
6796.000000 0.607900
6797.000000 0.607900
6798.000000 0.608600
6799.000000 0.608900
6800.000000 0.609200
6801.000000 0.609600
6802.000000 0.609700
6803.000000 0.609800
6804.000000 0.609700
6805.000000 0.609800
6806.000000 0.609500
6807.000000 0.609200
6808.000000 0.608300
6809.000000 0.608100
6810.000000 0.607500
6811.000000 0.607400
6812.000000 0.607300
6813.000000 0.606700
6814.000000 0.606200
6815.000000 0.605700
6816.000000 0.605300
6817.000000 0.604700
6818.000000 0.604200
6819.000000 0.603600
6820.000000 0.602700
6821.000000 0.602100
6822.000000 0.601600
6823.000000 0.601300
6824.000000 0.601000
6825.000000 0.600400
6826.000000 0.599200
6827.000000 0.598500
6828.000000 0.598300
6829.000000 0.597700
6830.000000 0.596700
6831.000000 0.595700
6832.000000 0.595200
6833.000000 0.594100
6834.000000 0.593700
6835.000000 0.592900
6836.000000 0.592000
6837.000000 0.590700
6838.000000 0.590300
6839.000000 0.589300
6840.000000 0.588800
6841.000000 0.588300
6842.000000 0.587300
6843.000000 0.587000
6844.000000 0.585800
6845.000000 0.585300
6846.000000 0.584300
6847.000000 0.584200
6848.000000 0.583000
6849.000000 0.582000
6850.000000 0.580300
6851.000000 0.579500
6852.000000 0.578400
6853.000000 0.576300
6854.000000 0.574700
6855.000000 0.573100
6856.000000 0.571400
6857.000000 0.569500
6858.000000 0.567700
6859.000000 0.566400
6860.000000 0.564900
6861.000000 0.562300
6862.000000 0.561000
6863.000000 0.559300
6864.000000 0.558100
6865.000000 0.557100
6866.000000 0.556300
6867.000000 0.556200
6868.000000 0.556400
6869.000000 0.557400
6870.000000 0.558900
6871.000000 0.560700
6872.000000 0.562400
6873.000000 0.563600
6874.000000 0.564300
6875.000000 0.563800
6876.000000 0.561200
6877.000000 0.556000
6878.000000 0.546500
6879.000000 0.533000
6880.000000 0.513000
6881.000000 0.489400
6882.000000 0.457600
6883.000000 0.422900
6884.000000 0.383700
6885.000000 0.343200
6886.000000 0.300200
6887.000000 0.258700
6888.000000 0.221000
6889.000000 0.186900
6890.000000 0.156400
6891.000000 0.127800
6892.000000 0.105500
6893.000000 0.086400
6894.000000 0.071900
6895.000000 0.058600
6896.000000 0.048800
6897.000000 0.040400
6898.000000 0.033800
6899.000000 0.028000
6900.000000 0.023300
6901.000000 0.019600
6902.000000 0.016500
6903.000000 0.014000
6904.000000 0.011700
6905.000000 0.009800
6906.000000 0.008400
6907.000000 0.007200
6908.000000 0.006200
6909.000000 0.005300
6910.000000 0.004600
6911.000000 0.004000
6912.000000 0.003400
6913.000000 0.003000
6914.000000 0.002600
6915.000000 0.002300
6916.000000 0.002000
6917.000000 0.001700
6918.000000 0.001500
6919.000000 0.001300
6920.000000 0.001200
6921.000000 0.001000
6922.000000 0.000900
6923.000000 0.000800
6924.000000 0.000700
6925.000000 0.000600
6926.000000 0.000600
6927.000000 0.000500
6928.000000 0.000500
6929.000000 0.000400
6930.000000 0.000400
6931.000000 0.000300
6932.000000 0.000300
6933.000000 0.000300
6934.000000 0.000200
6935.000000 0.000200
6936.000000 0.000200
6937.000000 0.000200
6938.000000 0.000200
6939.000000 0.000100
6940.000000 0.000100
6941.000000 0.000100
6942.000000 0.000100
6943.000000 0.000100
6944.000000 0.000100
6945.000000 0.000100
6946.000000 0.000100
6947.000000 0.000100
6948.000000 0.000100
6949.000000 0.000100
