3135.000000 0.000100
3136.000000 0.000100
3137.000000 0.000100
3138.000000 0.000100
3139.000000 0.000100
3140.000000 0.000100
3141.000000 0.000100
3142.000000 0.000100
3143.000000 0.000100
3144.000000 0.000100
3145.000000 0.000100
3146.000000 0.000100
3147.000000 0.000100
3148.000000 0.000100
3149.000000 0.000100
3150.000000 0.000100
3151.000000 0.000100
3152.000000 0.000100
3153.000000 0.000100
3154.000000 0.000100
3155.000000 0.000100
3156.000000 0.000100
3157.000000 0.000100
3158.000000 0.000100
3159.000000 0.000100
3160.000000 0.000100
3161.000000 0.000100
3162.000000 0.000100
3163.000000 0.000100
3164.000000 0.000100
3165.000000 0.000100
3166.000000 0.000100
3167.000000 0.000100
3168.000000 0.000100
3169.000000 0.000100
3170.000000 0.000100
3171.000000 0.000100
3172.000000 0.000100
3173.000000 0.000100
3174.000000 0.000100
3175.000000 0.000200
3176.000000 0.000200
3177.000000 0.000200
3178.000000 0.000200
3179.000000 0.000200
3180.000000 0.000200
3181.000000 0.000200
3182.000000 0.000200
3183.000000 0.000200
3184.000000 0.000200
3185.000000 0.000300
3186.000000 0.000300
3187.000000 0.000300
3188.000000 0.000300
3189.000000 0.000300
3190.000000 0.000300
3191.000000 0.000300
3192.000000 0.000300
3193.000000 0.000300
3194.000000 0.000400
3195.000000 0.000400
3196.000000 0.000400
3197.000000 0.000400
3198.000000 0.000400
3199.000000 0.000400
3200.000000 0.000400
3201.000000 0.000400
3202.000000 0.000400
3203.000000 0.000400
3204.000000 0.000500
3205.000000 0.000500
3206.000000 0.000500
3207.000000 0.000500
3208.000000 0.000500
3209.000000 0.000500
3210.000000 0.000600
3211.000000 0.000600
3212.000000 0.000600
3213.000000 0.000600
3214.000000 0.000700
3215.000000 0.000700
3216.000000 0.000700
3217.000000 0.000800
3218.000000 0.000800
3219.000000 0.000900
3220.000000 0.001000
3221.000000 0.001000
3222.000000 0.001100
3223.000000 0.001200
3224.000000 0.001300
3225.000000 0.001500
3226.000000 0.001600
3227.000000 0.001800
3228.000000 0.001900
3229.000000 0.002100
3230.000000 0.002300
3231.000000 0.002600
3232.000000 0.002900
3233.000000 0.003200
3234.000000 0.003500
3235.000000 0.003900
3236.000000 0.004300
3237.000000 0.004700
3238.000000 0.005200
3239.000000 0.005700
3240.000000 0.006200
3241.000000 0.006800
3242.000000 0.007500
3243.000000 0.008200
3244.000000 0.008900
3245.000000 0.009700
3246.000000 0.010500
3247.000000 0.011400
3248.000000 0.012300
3249.000000 0.013400
3250.000000 0.014400
3251.000000 0.015600
3252.000000 0.016800
3253.000000 0.018000
3254.000000 0.019300
3255.000000 0.020700
3256.000000 0.022200
3257.000000 0.023800
3258.000000 0.025400
3259.000000 0.027100
3260.000000 0.028900
3261.000000 0.030800
3262.000000 0.032600
3263.000000 0.034700
3264.000000 0.036800
3265.000000 0.039000
3266.000000 0.041100
3267.000000 0.043400
3268.000000 0.045600
3269.000000 0.048000
3270.000000 0.050300
3271.000000 0.052600
3272.000000 0.055000
3273.000000 0.057400
3274.000000 0.059900
3275.000000 0.062200
3276.000000 0.064500
3277.000000 0.066800
3278.000000 0.069100
3279.000000 0.071200
3280.000000 0.073200
3281.000000 0.075200
3282.000000 0.077100
3283.000000 0.078800
3284.000000 0.080500
3285.000000 0.082000
3286.000000 0.083500
3287.000000 0.084800
3288.000000 0.086100
3289.000000 0.087200
3290.000000 0.088300
3291.000000 0.089200
3292.000000 0.090100
3293.000000 0.090800
3294.000000 0.091500
3295.000000 0.092000
3296.000000 0.092600
3297.000000 0.093100
3298.000000 0.093600
3299.000000 0.094000
3300.000000 0.094500
3301.000000 0.094900
3302.000000 0.095200
3303.000000 0.095600
3304.000000 0.095900
3305.000000 0.096300
3306.000000 0.096600
3307.000000 0.096900
3308.000000 0.097200
3309.000000 0.097500
3310.000000 0.097800
3311.000000 0.098200
3312.000000 0.098500
3313.000000 0.098900
3314.000000 0.099300
3315.000000 0.099600
3316.000000 0.099900
3317.000000 0.100200
3318.000000 0.100400
3319.000000 0.100800
3320.000000 0.101200
3321.000000 0.101500
3322.000000 0.101800
3323.000000 0.102000
3324.000000 0.102300
3325.000000 0.102600
3326.000000 0.102900
3327.000000 0.103200
3328.000000 0.103500
3329.000000 0.103700
3330.000000 0.104000
3331.000000 0.104300
3332.000000 0.104500
3333.000000 0.104800
3334.000000 0.105000
3335.000000 0.105300
3336.000000 0.105500
3337.000000 0.105800
3338.000000 0.106000
3339.000000 0.106200
3340.000000 0.106500
3341.000000 0.106800
3342.000000 0.107100
3343.000000 0.107300
3344.000000 0.107600
3345.000000 0.107800
3346.000000 0.108100
3347.000000 0.108400
3348.000000 0.108700
3349.000000 0.109000
3350.000000 0.109200
3351.000000 0.109500
3352.000000 0.109800
3353.000000 0.110100
3354.000000 0.110300
3355.000000 0.110600
3356.000000 0.110900
3357.000000 0.111100
3358.000000 0.111300
3359.000000 0.111600
3360.000000 0.111800
3361.000000 0.112100
3362.000000 0.112300
3363.000000 0.112600
3364.000000 0.112800
3365.000000 0.113100
3366.000000 0.113400
3367.000000 0.113600
3368.000000 0.113800
3369.000000 0.114100
3370.000000 0.114500
3371.000000 0.114700
3372.000000 0.114900
3373.000000 0.115200
3374.000000 0.115500
3375.000000 0.115800
3376.000000 0.116100
3377.000000 0.116400
3378.000000 0.116700
3379.000000 0.117000
3380.000000 0.117300
3381.000000 0.117600
3382.000000 0.117900
3383.000000 0.118200
3384.000000 0.118500
3385.000000 0.118900
3386.000000 0.119200
3387.000000 0.119400
3388.000000 0.119700
3389.000000 0.120000
3390.000000 0.120300
3391.000000 0.120600
3392.000000 0.120900
3393.000000 0.121200
3394.000000 0.121400
3395.000000 0.121700
3396.000000 0.121900
3397.000000 0.122100
3398.000000 0.122400
3399.000000 0.122600
3400.000000 0.122900
3401.000000 0.123100
3402.000000 0.123400
3403.000000 0.123600
3404.000000 0.123900
3405.000000 0.124100
3406.000000 0.124300
3407.000000 0.124600
3408.000000 0.124800
3409.000000 0.125000
3410.000000 0.125300
3411.000000 0.125500
3412.000000 0.125800
3413.000000 0.126000
3414.000000 0.126200
3415.000000 0.126500
3416.000000 0.126700
3417.000000 0.127000
3418.000000 0.127200
3419.000000 0.127400
3420.000000 0.127700
3421.000000 0.127900
3422.000000 0.128100
3423.000000 0.128300
3424.000000 0.128600
3425.000000 0.128800
3426.000000 0.129000
3427.000000 0.129100
3428.000000 0.129300
3429.000000 0.129400
3430.000000 0.129600
3431.000000 0.129800
3432.000000 0.130000
3433.000000 0.130000
3434.000000 0.130100
3435.000000 0.130200
3436.000000 0.130300
3437.000000 0.130400
3438.000000 0.130500
3439.000000 0.130500
3440.000000 0.130600
3441.000000 0.130600
3442.000000 0.130700
3443.000000 0.130700
3444.000000 0.130800
3445.000000 0.130800
3446.000000 0.130900
3447.000000 0.131000
3448.000000 0.131100
3449.000000 0.131200
3450.000000 0.131300
3451.000000 0.131500
3452.000000 0.131700
3453.000000 0.131900
3454.000000 0.132100
3455.000000 0.132300
3456.000000 0.132600
3457.000000 0.133000
3458.000000 0.133400
3459.000000 0.133700
3460.000000 0.134100
3461.000000 0.134400
3462.000000 0.134800
3463.000000 0.135200
3464.000000 0.135700
3465.000000 0.136100
3466.000000 0.136500
3467.000000 0.136900
3468.000000 0.137300
3469.000000 0.137700
3470.000000 0.138100
3471.000000 0.138500
3472.000000 0.138900
3473.000000 0.139300
3474.000000 0.139700
3475.000000 0.140100
3476.000000 0.140500
3477.000000 0.141000
3478.000000 0.141500
3479.000000 0.141900
3480.000000 0.142300
3481.000000 0.142700
3482.000000 0.143100
3483.000000 0.143600
3484.000000 0.144100
3485.000000 0.144600
3486.000000 0.145100
3487.000000 0.145500
3488.000000 0.146000
3489.000000 0.146500
3490.000000 0.147000
3491.000000 0.147400
3492.000000 0.147900
3493.000000 0.148400
3494.000000 0.148900
3495.000000 0.149400
3496.000000 0.149800
3497.000000 0.150300
3498.000000 0.150700
3499.000000 0.151200
3500.000000 0.151600
3501.000000 0.152000
3502.000000 0.152500
3503.000000 0.152900
3504.000000 0.153300
3505.000000 0.153700
3506.000000 0.154100
3507.000000 0.154400
3508.000000 0.154800
3509.000000 0.155100
3510.000000 0.155300
3511.000000 0.155700
3512.000000 0.156000
3513.000000 0.156300
3514.000000 0.156600
3515.000000 0.156900
3516.000000 0.157200
3517.000000 0.157500
3518.000000 0.157700
3519.000000 0.158000
3520.000000 0.158300
3521.000000 0.158600
3522.000000 0.158900
3523.000000 0.159100
3524.000000 0.159400
3525.000000 0.159700
3526.000000 0.160000
3527.000000 0.160200
3528.000000 0.160500
3529.000000 0.160900
3530.000000 0.161200
3531.000000 0.161500
3532.000000 0.161800
3533.000000 0.162100
3534.000000 0.162400
3535.000000 0.162700
3536.000000 0.163000
3537.000000 0.163400
3538.000000 0.163700
3539.000000 0.164100
3540.000000 0.164400
3541.000000 0.164800
3542.000000 0.165200
3543.000000 0.165600
3544.000000 0.166000
3545.000000 0.166400
3546.000000 0.166800
3547.000000 0.167200
3548.000000 0.167700
3549.000000 0.168100
3550.000000 0.168400
3551.000000 0.168900
3552.000000 0.169400
3553.000000 0.169800
3554.000000 0.170200
3555.000000 0.170700
3556.000000 0.171100
3557.000000 0.171500
3558.000000 0.171800
3559.000000 0.172200
3560.000000 0.172600
3561.000000 0.173000
3562.000000 0.173300
3563.000000 0.173700
3564.000000 0.174000
3565.000000 0.174400
3566.000000 0.174700
3567.000000 0.175100
3568.000000 0.175400
3569.000000 0.175800
3570.000000 0.176100
3571.000000 0.176400
3572.000000 0.176700
3573.000000 0.177000
3574.000000 0.177200
3575.000000 0.177500
3576.000000 0.177900
3577.000000 0.178100
3578.000000 0.178400
3579.000000 0.178600
3580.000000 0.178900
3581.000000 0.179100
3582.000000 0.179400
3583.000000 0.179600
3584.000000 0.179900
3585.000000 0.180100
3586.000000 0.180400
3587.000000 0.180600
3588.000000 0.180900
3589.000000 0.181100
3590.000000 0.181400
3591.000000 0.181700
3592.000000 0.181900
3593.000000 0.182200
3594.000000 0.182500
3595.000000 0.182700
3596.000000 0.182900
3597.000000 0.183100
3598.000000 0.183400
3599.000000 0.183600
3600.000000 0.183900
3601.000000 0.184200
3602.000000 0.184500
3603.000000 0.184800
3604.000000 0.185100
3605.000000 0.185500
3606.000000 0.185900
3607.000000 0.186200
3608.000000 0.186500
3609.000000 0.186800
3610.000000 0.187100
3611.000000 0.187500
3612.000000 0.187800
3613.000000 0.188100
3614.000000 0.188400
3615.000000 0.188800
3616.000000 0.189100
3617.000000 0.189400
3618.000000 0.189700
3619.000000 0.190100
3620.000000 0.190500
3621.000000 0.190900
3622.000000 0.191200
3623.000000 0.191600
3624.000000 0.192000
3625.000000 0.192400
3626.000000 0.192800
3627.000000 0.193200
3628.000000 0.193700
3629.000000 0.194100
3630.000000 0.194600
3631.000000 0.195100
3632.000000 0.195500
3633.000000 0.196100
3634.000000 0.196700
3635.000000 0.197200
3636.000000 0.197700
3637.000000 0.198300
3638.000000 0.198800
3639.000000 0.199300
3640.000000 0.199800
3641.000000 0.200400
3642.000000 0.201000
3643.000000 0.201500
3644.000000 0.202000
3645.000000 0.202500
3646.000000 0.203000
3647.000000 0.203500
3648.000000 0.204000
3649.000000 0.204400
3650.000000 0.204900
3651.000000 0.205300
3652.000000 0.205700
3653.000000 0.206000
3654.000000 0.206400
3655.000000 0.206800
3656.000000 0.207100
3657.000000 0.207400
3658.000000 0.207700
3659.000000 0.208000
3660.000000 0.208300
3661.000000 0.208500
3662.000000 0.208800
3663.000000 0.209100
3664.000000 0.209400
3665.000000 0.209600
3666.000000 0.209800
3667.000000 0.210100
3668.000000 0.210400
3669.000000 0.210700
3670.000000 0.211000
3671.000000 0.211400
3672.000000 0.211700
3673.000000 0.212100
3674.000000 0.212400
3675.000000 0.212700
3676.000000 0.213100
3677.000000 0.213500
3678.000000 0.214000
3679.000000 0.214400
3680.000000 0.214800
3681.000000 0.215300
3682.000000 0.215700
3683.000000 0.216200
3684.000000 0.216600
3685.000000 0.217100
3686.000000 0.217600
3687.000000 0.218100
3688.000000 0.218700
3689.000000 0.219100
3690.000000 0.219600
3691.000000 0.220100
3692.000000 0.220700
3693.000000 0.221200
3694.000000 0.221700
3695.000000 0.222200
3696.000000 0.222800
3697.000000 0.223300
3698.000000 0.223800
3699.000000 0.224400
3700.000000 0.224900
3701.000000 0.225400
3702.000000 0.226000
3703.000000 0.226600
3704.000000 0.227100
3705.000000 0.227600
3706.000000 0.228200
3707.000000 0.228600
3708.000000 0.229100
3709.000000 0.229600
3710.000000 0.230100
3711.000000 0.230600
3712.000000 0.231000
3713.000000 0.231400
3714.000000 0.231900
3715.000000 0.232300
3716.000000 0.232700
3717.000000 0.233100
3718.000000 0.233500
3719.000000 0.233900
3720.000000 0.234200
3721.000000 0.234600
3722.000000 0.235000
3723.000000 0.235300
3724.000000 0.235600
3725.000000 0.236100
3726.000000 0.236500
3727.000000 0.236900
3728.000000 0.237200
3729.000000 0.237600
3730.000000 0.237900
3731.000000 0.238300
3732.000000 0.238700
3733.000000 0.239100
3734.000000 0.239500
3735.000000 0.239900
3736.000000 0.240400
3737.000000 0.240700
3738.000000 0.241100
3739.000000 0.241600
3740.000000 0.242100
3741.000000 0.242500
3742.000000 0.242900
3743.000000 0.243400
3744.000000 0.244000
3745.000000 0.244500
3746.000000 0.245000
3747.000000 0.245400
3748.000000 0.245900
3749.000000 0.246300
3750.000000 0.246800
3751.000000 0.247300
3752.000000 0.247800
3753.000000 0.248300
3754.000000 0.248700
3755.000000 0.249200
3756.000000 0.249700
3757.000000 0.250100
3758.000000 0.250400
3759.000000 0.250900
3760.000000 0.251300
3761.000000 0.251600
3762.000000 0.251900
3763.000000 0.252200
3764.000000 0.252500
3765.000000 0.252900
3766.000000 0.253200
3767.000000 0.253500
3768.000000 0.253700
3769.000000 0.254000
3770.000000 0.254200
3771.000000 0.254500
3772.000000 0.254700
3773.000000 0.255000
3774.000000 0.255200
3775.000000 0.255400
3776.000000 0.255700
3777.000000 0.255900
3778.000000 0.256200
3779.000000 0.256400
3780.000000 0.256600
3781.000000 0.256900
3782.000000 0.257100
3783.000000 0.257500
3784.000000 0.257800
3785.000000 0.258100
3786.000000 0.258400
3787.000000 0.258800
3788.000000 0.259100
3789.000000 0.259500
3790.000000 0.259900
3791.000000 0.260300
3792.000000 0.260800
3793.000000 0.261200
3794.000000 0.261700
3795.000000 0.262200
3796.000000 0.262600
3797.000000 0.263200
3798.000000 0.263700
3799.000000 0.264200
3800.000000 0.264800
3801.000000 0.265100
3802.000000 0.265500
3803.000000 0.265900
3804.000000 0.266300
3805.000000 0.266700
3806.000000 0.267100
3807.000000 0.267500
3808.000000 0.268000
3809.000000 0.268400
3810.000000 0.268700
3811.000000 0.269200
3812.000000 0.269700
3813.000000 0.270100
3814.000000 0.270500
3815.000000 0.270900
3816.000000 0.271300
3817.000000 0.271700
3818.000000 0.272200
3819.000000 0.272600
3820.000000 0.273000
3821.000000 0.273400
3822.000000 0.273800
3823.000000 0.274100
3824.000000 0.274500
3825.000000 0.274800
3826.000000 0.275200
3827.000000 0.275600
3828.000000 0.275900
3829.000000 0.276300
3830.000000 0.276600
3831.000000 0.277000
3832.000000 0.277300
3833.000000 0.277600
3834.000000 0.277900
3835.000000 0.278200
3836.000000 0.278500
3837.000000 0.278800
3838.000000 0.279000
3839.000000 0.279400
3840.000000 0.279700
3841.000000 0.280000
3842.000000 0.280300
3843.000000 0.280600
3844.000000 0.280800
3845.000000 0.281100
3846.000000 0.281400
3847.000000 0.281600
3848.000000 0.281900
3849.000000 0.282100
3850.000000 0.282400
3851.000000 0.282500
3852.000000 0.282700
3853.000000 0.282900
3854.000000 0.283000
3855.000000 0.283100
3856.000000 0.283300
3857.000000 0.283400
3858.000000 0.283500
3859.000000 0.283600
3860.000000 0.283600
3861.000000 0.283600
3862.000000 0.283500
3863.000000 0.283400
3864.000000 0.283300
3865.000000 0.283200
3866.000000 0.283000
3867.000000 0.282800
3868.000000 0.282600
3869.000000 0.282300
3870.000000 0.282000
3871.000000 0.281700
3872.000000 0.281400
3873.000000 0.280900
3874.000000 0.280500
3875.000000 0.280000
3876.000000 0.279500
3877.000000 0.279000
3878.000000 0.278600
3879.000000 0.277900
3880.000000 0.277300
3881.000000 0.276600
3882.000000 0.276000
3883.000000 0.275400
3884.000000 0.274700
3885.000000 0.274000
3886.000000 0.273300
3887.000000 0.272500
3888.000000 0.271800
3889.000000 0.271100
3890.000000 0.270400
3891.000000 0.269700
3892.000000 0.269000
3893.000000 0.268300
3894.000000 0.267500
3895.000000 0.266900
3896.000000 0.266300
3897.000000 0.265700
3898.000000 0.265100
3899.000000 0.264700
3900.000000 0.264200
3901.000000 0.263600
3902.000000 0.263000
3903.000000 0.262600
3904.000000 0.262100
3905.000000 0.261700
3906.000000 0.261300
3907.000000 0.261000
3908.000000 0.260600
3909.000000 0.260400
3910.000000 0.260100
3911.000000 0.259900
3912.000000 0.259800
3913.000000 0.259600
3914.000000 0.259500
3915.000000 0.259400
3916.000000 0.259300
3917.000000 0.259200
3918.000000 0.259100
3919.000000 0.259000
3920.000000 0.258900
3921.000000 0.258900
3922.000000 0.258800
3923.000000 0.258700
3924.000000 0.258600
3925.000000 0.258600
3926.000000 0.258600
3927.000000 0.258400
3928.000000 0.258300
3929.000000 0.258200
3930.000000 0.258200
3931.000000 0.257900
3932.000000 0.257700
3933.000000 0.257500
3934.000000 0.257300
3935.000000 0.257100
3936.000000 0.256900
3937.000000 0.256600
3938.000000 0.256300
3939.000000 0.255900
3940.000000 0.255600
3941.000000 0.255200
3942.000000 0.254800
3943.000000 0.254300
3944.000000 0.253800
3945.000000 0.253300
3946.000000 0.252800
3947.000000 0.252200
3948.000000 0.251600
3949.000000 0.251000
3950.000000 0.250300
3951.000000 0.249700
3952.000000 0.249100
3953.000000 0.248300
3954.000000 0.247600
3955.000000 0.246900
3956.000000 0.246300
3957.000000 0.245600
3958.000000 0.244900
3959.000000 0.244300
3960.000000 0.243700
3961.000000 0.243200
3962.000000 0.242700
3963.000000 0.242400
3964.000000 0.242100
3965.000000 0.242000
3966.000000 0.241800
3967.000000 0.241900
3968.000000 0.241900
3969.000000 0.242200
3970.000000 0.242400
3971.000000 0.243000
3972.000000 0.243500
3973.000000 0.244200
3974.000000 0.244800
3975.000000 0.245500
3976.000000 0.246300
3977.000000 0.246900
3978.000000 0.247600
3979.000000 0.248100
3980.000000 0.248500
3981.000000 0.248600
3982.000000 0.248700
3983.000000 0.248100
3984.000000 0.247400
3985.000000 0.246100
3986.000000 0.244700
3987.000000 0.242400
3988.000000 0.240000
3989.000000 0.236600
3990.000000 0.233300
3991.000000 0.228700
3992.000000 0.224100
3993.000000 0.218400
3994.000000 0.212700
3995.000000 0.205800
3996.000000 0.198900
3997.000000 0.191100
3998.000000 0.183400
3999.000000 0.174800
4000.000000 0.166300
4001.000000 0.157500
4002.000000 0.148700
4003.000000 0.140000
4004.000000 0.131300
4005.000000 0.122500
4006.000000 0.113700
4007.000000 0.105400
4008.000000 0.097200
4009.000000 0.089300
4010.000000 0.081300
4011.000000 0.074200
4012.000000 0.067100
4013.000000 0.060800
4014.000000 0.054600
4015.000000 0.049300
4016.000000 0.044100
4017.000000 0.039700
4018.000000 0.035200
4019.000000 0.031600
4020.000000 0.028000
4021.000000 0.025100
4022.000000 0.022300
4023.000000 0.020000
4024.000000 0.017700
4025.000000 0.015900
4026.000000 0.014100
4027.000000 0.012800
4028.000000 0.011400
4029.000000 0.010400
4030.000000 0.009300
4031.000000 0.008500
4032.000000 0.007600
4033.000000 0.006900
4034.000000 0.006300
4035.000000 0.005700
4036.000000 0.005200
4037.000000 0.004800
4038.000000 0.004400
4039.000000 0.004000
4040.000000 0.003700
4041.000000 0.003400
4042.000000 0.003100
4043.000000 0.002900
4044.000000 0.002700
4045.000000 0.002500
4046.000000 0.002300
4047.000000 0.002100
4048.000000 0.002000
4049.000000 0.001900
4050.000000 0.001700
4051.000000 0.001600
4052.000000 0.001500
4053.000000 0.001400
4054.000000 0.001400
4055.000000 0.001300
4056.000000 0.001200
4057.000000 0.001100
4058.000000 0.001100
4059.000000 0.001000
4060.000000 0.001000
4061.000000 0.000900
4062.000000 0.000900
4063.000000 0.000800
4064.000000 0.000800
4065.000000 0.000800
4066.000000 0.000700
4067.000000 0.000700
4068.000000 0.000700
4069.000000 0.000700
4070.000000 0.000600
4071.000000 0.000600
4072.000000 0.000600
4073.000000 0.000600
4074.000000 0.000500
4075.000000 0.000500
4076.000000 0.000500
4077.000000 0.000500
4078.000000 0.000500
4079.000000 0.000500
4080.000000 0.000400
4081.000000 0.000400
4082.000000 0.000400
4083.000000 0.000400
4084.000000 0.000400
4085.000000 0.000400
4086.000000 0.000400
4087.000000 0.000400
4088.000000 0.000400
4089.000000 0.000400
4090.000000 0.000400
4091.000000 0.000300
4092.000000 0.000300
4093.000000 0.000300
4094.000000 0.000300
4095.000000 0.000300
4096.000000 0.000300
4097.000000 0.000300
4098.000000 0.000300
4099.000000 0.000300
4100.000000 0.000300
4101.000000 0.000300
4102.000000 0.000300
4103.000000 0.000300
4104.000000 0.000300
4105.000000 0.000300
4106.000000 0.000200
4107.000000 0.000200
4108.000000 0.000200
4109.000000 0.000200
4110.000000 0.000200
4111.000000 0.000200
4112.000000 0.000200
4113.000000 0.000200
4114.000000 0.000200
4115.000000 0.000200
4116.000000 0.000200
4117.000000 0.000200
4118.000000 0.000200
4119.000000 0.000200
4120.000000 0.000200
4121.000000 0.000100
4122.000000 0.000100
4123.000000 0.000100
4124.000000 0.000100
4125.000000 0.000100
4126.000000 0.000100
4127.000000 0.000100
4128.000000 0.000100
4129.000000 0.000100
4130.000000 0.000100
4131.000000 0.000100
4132.000000 0.000100
4133.000000 0.000100
4134.000000 0.000100
4135.000000 0.000100
4136.000000 0.000100
4137.000000 0.000100
4138.000000 0.000100
4139.000000 0.000100
4140.000000 0.000100
4141.000000 0.000100
